11497
2 1
5 1
8 1
11 11
12 1
14 11
19 11
22 1
24 2
25 2
26 11
27 2
28 2
29 2
30 1
31 3
36 1
37 1
46 1
47 1
49 2
50 1
52 1
55 2
57 1
58 1
61 11
62 2
64 3
67 2
70 1
71 3
72 1
76 1
77 11
81 3
82 1
88 1
93 1
94 1
95 1
96 1
103 1
109 1
110 1
111 2
112 1
113 11
116 3
117 1
122 1
125 1
132 1
133 2
134 1
137 1
141 1
142 11
144 11
152 1
154 1
157 2
160 1
163 1
164 2
165 11
168 1
170 1
174 3
176 11
177 1
181 1
182 2
185 1
190 2
191 3
195 1
201 1
203 2
204 3
206 1
208 2
209 11
211 2
214 3
215 1
216 3
220 1
221 3
223 2
224 2
225 1
227 1
229 2
230 1
236 3
238 1
243 1
245 1
247 3
249 1
253 1
254 1
256 2
257 1
258 1
262 1
266 1
267 1
268 1
270 2
271 1
272 1
273 1
277 1
281 2
284 2
285 3
288 3
289 1
292 3
293 1
295 1
297 2
299 1
300 11
302 1
307 1
311 3
312 1
316 1
317 2
318 2
319 1
322 1
325 2
328 2
331 11
332 11
334 11
337 3
344 1
349 1
354 1
356 1
357 1
359 1
361 1
364 2
365 1
369 2
370 1
376 1
378 1
379 1
383 3
384 2
386 1
388 1
395 2
397 1
398 2
409 3
413 2
414 1
423 2
424 2
431 2
434 2
435 1
436 1
438 2
443 1
446 2
447 11
448 1
449 1
450 1
452 11
454 2
455 1
457 1
458 1
464 1
465 1
467 1
472 1
475 1
478 1
481 1
484 1
486 2
488 2
492 1
496 11
500 1
501 2
502 1
504 2
506 2
507 2
508 1
510 1
511 11
512 1
513 1
522 11
524 1
526 2
528 1
531 3
532 1
533 1
534 1
538 11
539 2
541 1
544 1
545 1
548 1
551 1
552 11
554 2
556 1
557 1
558 1
560 2
562 11
563 2
564 1
566 1
568 1
569 2
570 1
571 1
575 1
576 1
577 1
581 1
586 1
588 1
589 1
591 3
592 2
594 1
595 1
596 3
597 1
598 1
600 3
605 3
608 2
611 2
612 1
616 1
618 1
619 11
621 1
624 1
625 1
627 3
628 1
631 2
632 2
636 1
639 1
642 1
645 1
647 1
652 1
658 2
665 3
670 1
671 2
673 1
675 2
679 2
683 11
687 1
690 1
695 1
697 1
700 1
701 1
702 3
706 3
710 1
711 1
718 2
719 1
720 11
724 2
729 1
731 1
732 1
733 11
736 1
737 1
739 1
740 2
743 2
744 1
745 1
747 2
748 1
751 1
753 2
758 1
759 1
760 2
762 11
763 2
768 1
769 3
771 2
773 1
775 1
777 1
779 11
782 1
784 1
785 1
787 1
788 1
789 1
791 1
793 1
796 1
803 1
804 1
805 2
806 3
808 1
809 3
811 1
812 2
813 1
815 1
817 2
818 2
819 1
824 11
825 1
827 1
828 1
834 11
835 1
836 1
838 1
839 1
847 1
853 1
854 2
855 1
861 1
864 1
865 1
871 1
875 2
878 1
883 1
887 1
888 1
891 1
892 1
895 3
897 1
899 1
908 2
909 2
910 2
914 2
916 2
919 1
921 1
922 1
923 2
925 2
933 1
938 1
939 1
942 2
946 1
950 1
952 1
953 1
955 1
957 3
963 1
967 1
968 1
969 1
970 1
971 1
977 1
982 1
986 1
987 1
991 3
994 1
995 2
998 1
999 1
1000 1
1003 11
1012 1
1017 1
1018 1
1020 11
1021 1
1022 2
1027 1
1028 3
1030 1
1032 3
1033 3
1034 1
1036 2
1042 11
1044 3
1047 1
1048 11
1049 1
1051 2
1052 2
1054 1
1055 11
1059 11
1060 2
1061 1
1064 1
1065 11
1066 2
1067 3
1068 1
1070 1
1081 11
1083 1
1086 3
1087 2
1091 1
1092 11
1093 1
1094 3
1095 3
1097 11
1098 1
1102 1
1103 1
1104 11
1109 1
1110 2
1112 11
1117 1
1118 1
1122 1
1126 1
1131 2
1135 1
1137 1
1138 1
1139 2
1140 2
1141 1
1143 1
1145 2
1146 2
1148 1
1151 3
1154 1
1165 1
1172 1
1178 1
1179 1
1180 3
1181 1
1189 3
1190 1
1192 1
1194 2
1196 11
1204 1
1205 3
1206 1
1210 1
1212 2
1216 2
1219 11
1222 2
1224 1
1227 1
1228 1
1229 1
1237 3
1238 2
1239 1
1241 1
1243 1
1245 1
1252 1
1254 1
1255 1
1258 1
1260 2
1261 1
1266 1
1267 2
1268 2
1269 1
1272 1
1273 1
1274 2
1275 1
1276 1
1277 2
1278 1
1282 1
1285 1
1287 1
1288 1
1291 3
1292 2
1293 11
1295 1
1302 1
1305 1
1306 2
1308 3
1309 1
1311 2
1312 1
1319 3
1321 1
1322 1
1323 1
1326 1
1329 1
1331 1
1334 11
1336 1
1337 11
1339 1
1342 1
1343 1
1344 1
1345 11
1347 3
1349 1
1350 1
1360 1
1362 1
1364 1
1368 1
1377 2
1378 1
1380 2
1385 1
1386 3
1388 3
1390 1
1393 11
1395 2
1396 1
1399 1
1403 1
1404 1
1405 2
1406 2
1412 3
1413 1
1414 1
1420 1
1427 1
1429 2
1431 2
1437 1
1438 1
1439 2
1440 2
1442 3
1444 1
1445 1
1446 11
1449 1
1450 1
1451 2
1455 1
1458 3
1460 2
1462 1
1468 2
1470 2
1471 2
1473 3
1477 1
1482 1
1483 11
1484 3
1485 1
1487 3
1493 1
1494 11
1497 2
1498 1
1500 1
1501 1
1502 1
1503 1
1507 1
1510 1
1512 1
1514 3
1516 3
1517 1
1520 1
1522 1
1525 1
1526 1
1527 11
1529 1
1533 11
1537 1
1538 1
1539 1
1544 2
1546 1
1548 1
1550 2
1554 2
1555 1
1557 1
1559 1
1560 3
1562 1
1563 11
1565 1
1566 1
1567 1
1568 1
1570 2
1572 2
1580 1
1581 1
1582 1
1587 2
1590 1
1593 1
1598 1
1599 3
1600 2
1601 3
1605 1
1608 2
1609 11
1611 1
1612 1
1615 3
1616 1
1617 2
1629 3
1630 2
1632 3
1634 1
1644 1
1647 2
1650 1
1653 1
1654 2
1656 1
1658 2
1666 2
1668 1
1670 2
1671 1
1672 1
1673 1
1681 2
1689 3
1690 3
1692 1
1695 1
1698 3
1699 11
1701 1
1704 1
1705 11
1709 2
1711 11
1712 1
1717 1
1718 2
1719 1
1721 1
1723 3
1729 1
1730 1
1731 1
1733 11
1734 3
1737 2
1739 2
1740 1
1751 1
1755 11
1757 1
1759 2
1762 11
1763 1
1764 1
1765 2
1766 2
1768 1
1769 3
1770 1
1771 1
1772 1
1774 1
1777 1
1778 1
1779 1
1784 1
1787 11
1789 1
1802 1
1804 1
1808 1
1810 2
1811 1
1814 1
1818 2
1821 1
1827 2
1831 1
1832 1
1834 1
1835 3
1838 1
1840 1
1843 1
1845 1
1851 2
1854 2
1855 2
1866 1
1867 2
1868 2
1869 2
1873 2
1875 2
1876 1
1881 11
1882 1
1883 1
1884 2
1888 11
1889 2
1891 2
1896 3
1899 1
1900 2
1902 1
1908 3
1913 1
1915 1
1921 2
1923 3
1924 2
1925 1
1927 1
1934 1
1938 1
1941 1
1949 2
1953 1
1959 11
1962 11
1963 2
1967 1
1973 1
1974 11
1976 1
1978 1
1981 2
1982 1
1983 11
1986 11
1991 11
1992 2
1993 3
1996 2
1997 1
1999 1
2002 2
2005 1
2006 1
2007 1
2013 2
2014 1
2016 1
2018 1
2022 1
2028 2
2033 1
2035 2
2038 2
2040 2
2042 1
2044 1
2050 1
2051 11
2052 1
2053 1
2056 2
2058 2
2059 1
2063 1
2064 2
2065 1
2068 2
2069 1
2071 1
2073 1
2075 1
2078 1
2080 1
2082 1
2083 11
2085 2
2086 1
2087 3
2088 2
2090 2
2095 3
2098 1
2100 1
2103 2
2105 2
2107 3
2109 1
2116 1
2118 1
2123 2
2125 11
2126 2
2127 1
2132 1
2133 1
2137 2
2140 1
2141 1
2142 1
2144 1
2146 1
2151 2
2152 1
2155 2
2157 1
2158 1
2169 11
2170 1
2174 2
2176 11
2177 2
2179 1
2182 1
2183 1
2184 1
2190 1
2191 1
2193 11
2194 1
2200 1
2202 2
2203 1
2204 11
2206 2
2208 2
2211 1
2214 1
2215 1
2217 1
2220 2
2222 1
2227 1
2229 2
2231 1
2232 1
2235 2
2238 1
2241 2
2244 1
2245 2
2248 1
2250 11
2252 1
2253 3
2254 1
2260 1
2266 1
2269 3
2274 1
2275 1
2279 11
2280 2
2282 11
2284 3
2288 11
2293 2
2297 11
2298 1
2300 1
2302 1
2304 1
2308 1
2309 1
2312 2
2313 1
2314 2
2317 2
2318 2
2320 1
2321 2
2329 1
2332 3
2334 2
2339 2
2344 2
2346 1
2348 1
2351 3
2352 11
2354 1
2357 3
2358 2
2359 2
2360 1
2362 2
2363 11
2364 1
2367 1
2368 1
2369 3
2371 3
2373 1
2375 11
2376 3
2381 1
2383 1
2384 2
2387 2
2388 1
2391 1
2392 3
2394 2
2395 3
2396 1
2397 2
2398 1
2399 1
2404 1
2405 11
2406 1
2407 2
2408 1
2409 1
2410 1
2411 3
2413 1
2419 3
2421 2
2429 1
2430 11
2438 1
2440 1
2443 1
2446 2
2452 1
2455 3
2457 1
2460 2
2462 1
2465 1
2467 1
2469 1
2470 1
2471 1
2481 1
2482 1
2483 1
2486 2
2487 3
2490 2
2494 1
2496 2
2499 2
2501 3
2506 1
2509 1
2511 11
2513 1
2516 1
2519 2
2520 1
2522 1
2523 2
2531 1
2534 2
2539 1
2542 3
2544 1
2546 1
2547 11
2549 11
2550 11
2555 2
2557 1
2563 1
2568 1
2570 1
2571 1
2572 1
2582 1
2583 1
2584 1
2587 1
2588 1
2591 2
2592 3
2593 1
2594 3
2597 11
2599 1
2600 1
2605 3
2606 11
2608 1
2609 2
2610 1
2611 2
2612 1
2615 1
2618 2
2622 2
2624 1
2628 1
2629 1
2631 1
2636 1
2640 2
2644 2
2645 1
2646 2
2647 2
2653 2
2661 1
2662 1
2663 1
2664 2
2668 1
2669 1
2670 1
2672 1
2675 3
2679 3
2680 1
2682 2
2684 1
2685 1
2692 2
2693 1
2694 2
2695 1
2699 1
2700 1
2706 1
2708 2
2710 1
2711 1
2712 2
2713 3
2715 3
2717 11
2723 1
2724 1
2725 1
2727 1
2729 2
2735 2
2738 1
2739 2
2741 2
2744 1
2745 3
2754 2
2758 1
2759 1
2763 1
2766 1
2771 1
2773 1
2774 1
2777 1
2780 1
2783 3
2787 1
2788 1
2790 1
2793 11
2795 3
2797 1
2798 1
2800 3
2802 2
2803 1
2804 2
2806 1
2807 1
2808 1
2809 3
2811 3
2812 1
2819 1
2820 2
2825 3
2829 11
2831 3
2832 1
2835 1
2836 1
2838 2
2840 1
2841 1
2842 2
2845 1
2847 1
2853 1
2856 11
2857 1
2860 2
2861 1
2863 1
2866 1
2870 1
2874 2
2875 1
2876 1
2885 1
2888 2
2891 11
2896 2
2898 2
2899 1
2900 11
2901 2
2902 1
2903 1
2909 2
2910 2
2911 11
2913 1
2914 1
2917 1
2921 1
2924 1
2928 1
2930 3
2935 2
2937 1
2940 1
2945 1
2948 1
2951 1
2953 1
2958 1
2962 2
2965 1
2966 1
2969 1
2970 1
2977 1
2978 1
2980 1
2982 1
2983 1
2984 1
2985 1
2987 1
2988 1
2991 1
2992 1
2994 2
2996 2
2999 1
3000 2
3004 2
3007 1
3008 1
3010 11
3012 11
3015 1
3021 3
3022 1
3027 11
3031 1
3032 1
3034 2
3035 3
3038 2
3040 11
3041 1
3044 11
3047 1
3050 1
3054 2
3059 11
3060 1
3061 1
3065 2
3069 1
3071 1
3073 11
3079 11
3080 1
3083 1
3087 2
3088 1
3090 1
3092 2
3094 2
3096 1
3098 2
3100 1
3101 1
3104 1
3110 1
3111 1
3113 1
3116 1
3118 1
3122 1
3123 1
3124 2
3127 1
3131 1
3135 1
3138 1
3139 11
3142 1
3143 2
3144 1
3146 1
3148 11
3151 2
3154 2
3156 1
3157 1
3161 3
3167 2
3168 1
3170 1
3173 2
3174 11
3180 1
3181 1
3189 1
3192 1
3193 3
3196 1
3197 1
3202 1
3203 2
3205 1
3207 1
3208 2
3212 1
3217 3
3220 1
3223 3
3226 2
3228 1
3230 2
3231 1
3233 1
3234 1
3235 2
3236 1
3238 2
3240 1
3241 1
3246 1
3248 11
3250 2
3253 1
3255 2
3256 1
3258 1
3259 11
3263 2
3264 11
3267 1
3272 1
3274 3
3275 3
3278 11
3279 1
3280 2
3281 1
3282 3
3284 1
3285 11
3286 1
3289 1
3291 1
3294 1
3295 2
3297 1
3298 2
3300 1
3303 11
3311 3
3312 11
3315 1
3316 11
3318 1
3321 2
3326 1
3327 1
3329 1
3331 1
3333 11
3334 2
3335 2
3340 2
3341 3
3344 1
3346 1
3351 1
3352 1
3353 2
3354 1
3356 3
3357 1
3359 2
3361 1
3362 1
3369 1
3372 1
3376 3
3377 1
3379 2
3382 11
3384 1
3385 1
3395 1
3399 1
3403 2
3406 3
3408 11
3409 1
3412 2
3413 1
3416 2
3418 11
3419 1
3420 1
3421 2
3422 1
3424 1
3425 3
3426 2
3427 2
3429 3
3432 1
3433 2
3434 1
3436 1
3438 1
3439 11
3440 1
3442 1
3444 11
3448 2
3450 1
3452 11
3454 1
3455 2
3456 11
3457 11
3459 11
3462 3
3463 1
3464 1
3468 1
3471 3
3472 1
3474 1
3477 11
3478 1
3480 1
3481 2
3483 1
3486 1
3491 1
3495 1
3497 2
3502 1
3503 1
3504 1
3505 1
3509 1
3512 3
3514 3
3517 1
3525 3
3526 11
3529 2
3530 1
3535 1
3536 2
3537 11
3541 1
3544 3
3547 1
3549 1
3556 1
3559 11
3560 1
3562 1
3563 1
3564 1
3565 11
3568 2
3570 2
3571 1
3573 1
3574 3
3580 1
3583 1
3587 3
3590 3
3593 1
3595 1
3599 1
3605 2
3609 1
3615 1
3618 2
3621 3
3622 1
3625 2
3627 1
3631 2
3632 1
3635 1
3637 1
3641 2
3642 1
3643 2
3644 3
3646 3
3650 1
3651 1
3653 1
3654 1
3657 1
3661 2
3662 1
3667 1
3669 1
3672 1
3676 2
3678 1
3680 1
3688 1
3700 1
3703 1
3706 1
3708 1
3709 1
3710 2
3711 1
3712 1
3717 1
3720 2
3724 1
3726 1
3729 2
3733 2
3734 3
3736 1
3740 1
3741 11
3743 1
3744 1
3748 1
3752 1
3753 2
3759 2
3760 1
3761 1
3762 1
3764 3
3766 2
3768 1
3769 1
3773 1
3775 1
3776 1
3778 1
3781 1
3786 1
3787 3
3788 1
3790 11
3794 1
3795 2
3796 1
3797 3
3799 2
3802 1
3804 1
3806 2
3809 1
3811 1
3813 1
3814 2
3815 1
3817 1
3820 3
3822 1
3823 2
3827 1
3833 1
3835 11
3836 1
3840 11
3845 1
3852 1
3855 2
3858 1
3862 1
3866 11
3867 1
3868 3
3869 2
3876 11
3884 11
3886 1
3887 1
3890 3
3893 1
3894 2
3896 1
3904 11
3907 1
3910 1
3914 1
3916 1
3921 2
3922 1
3924 2
3925 1
3930 1
3937 1
3938 1
3941 1
3944 2
3954 1
3956 1
3957 1
3960 1
3962 1
3964 2
3966 1
3967 2
3968 11
3971 11
3975 2
3978 1
3979 1
3982 1
3986 11
3988 1
3992 2
3996 11
3998 1
4002 2
4005 1
4006 1
4007 1
4012 1
4013 1
4022 3
4024 2
4028 3
4033 11
4037 3
4045 3
4049 2
4055 3
4057 11
4059 1
4061 1
4062 1
4064 1
4068 1
4073 1
4076 1
4080 1
4081 11
4087 2
4089 1
4091 1
4095 1
4096 1
4097 1
4098 11
4101 1
4106 3
4107 1
4108 2
4113 1
4114 1
4115 3
4117 1
4118 2
4121 11
4124 1
4125 3
4126 2
4132 2
4136 1
4138 1
4140 1
4145 1
4146 3
4151 1
4156 1
4157 11
4161 11
4162 2
4163 1
4165 1
4166 1
4167 1
4170 1
4173 1
4177 2
4178 11
4181 1
4182 1
4183 3
4185 1
4186 3
4190 3
4193 11
4194 11
4197 1
4198 1
4199 2
4202 1
4204 1
4205 1
4206 11
4207 1
4208 3
4213 11
4214 1
4216 1
4217 1
4218 1
4219 1
4225 2
4231 2
4232 1
4235 3
4237 2
4244 2
4246 2
4248 2
4249 1
4251 1
4256 1
4259 1
4261 1
4267 1
4270 1
4271 2
4275 11
4279 1
4280 11
4283 1
4288 2
4291 11
4293 1
4295 1
4300 1
4303 3
4305 1
4310 1
4312 2
4315 3
4319 1
4322 3
4324 2
4328 1
4330 2
4335 2
4336 3
4337 1
4343 2
4347 1
4348 1
4350 1
4351 1
4352 3
4355 1
4356 1
4357 1
4361 1
4366 1
4369 1
4371 11
4372 1
4373 1
4374 11
4375 1
4377 1
4378 1
4379 1
4380 1
4382 1
4383 1
4384 2
4387 1
4389 1
4391 1
4392 1
4403 1
4405 11
4406 1
4411 3
4415 2
4418 1
4421 1
4422 2
4424 2
4426 1
4433 1
4435 2
4437 1
4438 1
4440 11
4442 1
4446 1
4449 2
4454 3
4459 2
4462 1
4470 1
4475 1
4476 11
4477 1
4479 1
4480 3
4481 11
4482 2
4490 2
4498 2
4500 11
4502 2
4507 1
4516 3
4519 2
4521 1
4522 1
4525 1
4526 1
4530 3
4537 1
4543 2
4545 2
4546 2
4549 1
4550 2
4553 1
4556 2
4558 1
4561 2
4567 3
4569 2
4570 11
4574 1
4575 1
4576 1
4577 1
4578 2
4580 1
4583 1
4584 1
4585 2
4586 1
4590 3
4592 2
4598 11
4600 2
4601 1
4602 1
4604 2
4609 1
4610 1
4611 2
4612 2
4617 1
4624 3
4626 1
4629 1
4630 1
4634 1
4638 11
4639 1
4640 2
4644 1
4646 1
4647 1
4649 1
4650 3
4652 1
4654 1
4656 2
4659 1
4663 2
4667 3
4673 1
4675 3
4676 11
4677 1
4679 1
4680 1
4681 1
4682 2
4684 1
4685 2
4686 1
4687 1
4692 1
4694 1
4696 2
4703 1
4704 1
4705 2
4709 2
4710 1
4713 1
4725 1
4729 2
4733 1
4734 1
4739 1
4741 2
4747 1
4750 1
4751 1
4752 1
4754 2
4758 1
4761 11
4765 2
4766 1
4771 1
4777 2
4779 1
4782 2
4783 1
4784 2
4785 1
4786 3
4787 1
4788 1
4796 3
4798 1
4799 1
4802 1
4803 1
4806 1
4807 2
4808 1
4809 1
4810 11
4811 2
4812 1
4815 3
4820 2
4821 11
4825 1
4826 1
4827 11
4830 3
4833 1
4836 1
4837 11
4839 1
4845 1
4847 1
4848 11
4849 1
4850 1
4851 1
4852 1
4853 11
4858 2
4859 1
4860 1
4862 11
4869 2
4870 11
4872 1
4876 1
4879 1
4880 1
4883 1
4885 1
4886 3
4894 1
4898 1
4904 1
4906 11
4907 1
4910 1
4914 1
4915 1
4916 1
4919 1
4920 1
4921 1
4922 1
4923 1
4925 3
4927 2
4928 3
4929 1
4930 1
4934 3
4935 11
4937 1
4941 1
4945 1
4946 1
4947 1
4949 3
4952 1
4953 1
4955 1
4957 1
4958 2
4962 1
4965 11
4966 3
4967 1
4968 2
4971 1
4974 1
4975 11
4977 1
4979 1
4981 1
4984 1
4986 2
4987 2
4989 1
4991 1
4992 1
4995 1
4996 3
4999 3
5000 3
5001 3
5002 1
5003 1
5015 1
5016 11
5017 1
5019 1
5020 1
5021 1
5025 1
5026 2
5028 1
5029 1
5031 11
5038 3
5040 1
5043 2
5044 2
5048 1
5050 1
5053 1
5057 1
5062 2
5064 11
5065 1
5069 2
5071 1
5072 1
5074 1
5075 2
5078 1
5081 11
5082 1
5085 1
5086 3
5087 2
5088 1
5094 1
5096 1
5100 1
5102 2
5103 1
5106 1
5108 1
5110 1
5112 11
5117 1
5119 1
5120 3
5123 1
5126 1
5131 2
5132 1
5133 1
5142 1
5147 2
5152 11
5153 1
5154 1
5158 1
5159 1
5160 2
5164 11
5166 1
5170 3
5171 2
5173 3
5181 3
5187 2
5188 1
5189 2
5193 3
5194 1
5197 2
5199 2
5200 1
5201 1
5203 2
5204 1
5208 1
5209 1
5211 1
5213 1
5216 1
5219 1
5223 1
5225 2
5228 11
5233 1
5234 1
5235 11
5237 1
5238 11
5241 1
5247 2
5249 11
5251 3
5252 1
5258 2
5263 1
5264 1
5265 1
5267 1
5268 3
5270 1
5273 1
5274 1
5278 2
5279 1
5282 1
5283 1
5284 1
5286 1
5292 11
5295 3
5297 1
5300 1
5307 2
5308 3
5312 1
5315 1
5318 1
5319 11
5320 1
5323 3
5325 1
5326 2
5328 3
5332 1
5335 11
5336 1
5339 1
5340 1
5341 2
5344 3
5346 1
5348 2
5349 2
5352 1
5357 2
5358 1
5359 1
5361 3
5363 11
5367 1
5368 1
5370 1
5373 3
5375 3
5377 1
5378 1
5382 1
5384 3
5387 1
5388 11
5389 1
5390 1
5392 1
5395 2
5398 2
5401 11
5403 1
5406 1
5410 1
5411 1
5412 1
5413 1
5415 1
5417 1
5420 1
5424 2
5427 1
5429 1
5430 2
5441 1
5442 1
5443 2
5445 2
5449 3
5453 1
5455 1
5457 1
5458 1
5460 1
5461 11
5462 1
5463 1
5466 1
5479 1
5481 1
5482 1
5483 2
5484 2
5485 1
5487 2
5490 1
5491 1
5492 1
5493 1
5494 2
5496 1
5500 2
5504 3
5505 1
5509 1
5513 2
5518 2
5519 1
5520 1
5521 1
5522 11
5523 11
5524 1
5530 11
5533 1
5534 2
5541 1
5543 3
5544 3
5551 1
5552 1
5554 2
5555 1
5556 1
5558 11
5559 1
5562 1
5563 2
5571 3
5572 1
5573 3
5575 1
5577 1
5578 1
5584 11
5585 1
5586 1
5589 1
5591 1
5592 1
5593 1
5596 11
5600 3
5601 1
5602 3
5604 2
5606 1
5609 11
5612 1
5617 11
5618 2
5619 1
5620 1
5626 1
5630 1
5634 1
5635 1
5637 1
5644 1
5648 1
5650 1
5655 2
5667 2
5669 1
5670 1
5672 1
5673 1
5678 2
5683 1
5685 2
5686 1
5688 1
5690 1
5692 2
5694 1
5696 11
5701 1
5702 1
5705 1
5706 1
5709 1
5710 1
5712 3
5714 1
5715 1
5718 1
5719 2
5720 1
5724 1
5726 1
5727 1
5728 2
5734 3
5735 2
5737 2
5738 1
5740 2
5746 3
5748 1
5750 11
5754 11
5755 1
5757 1
5762 1
5765 11
5770 1
5773 3
5775 2
5776 3
5777 1
5779 3
5780 1
5782 1
5785 3
5786 2
5787 1
5788 1
5789 1
5792 2
5794 1
5803 1
5805 1
5807 1
5810 3
5811 3
5813 2
5814 2
5816 1
5819 1
5821 1
5825 1
5826 1
5829 3
5835 1
5840 1
5841 1
5846 2
5851 3
5852 1
5855 3
5860 1
5861 1
5863 2
5865 1
5866 2
5867 3
5868 2
5871 2
5872 3
5877 2
5882 1
5883 11
5888 2
5889 11
5892 3
5893 1
5895 1
5899 1
5905 1
5908 2
5915 2
5921 1
5931 1
5932 2
5933 3
5934 1
5935 1
5938 1
5939 2
5940 1
5942 1
5944 2
5948 11
5950 1
5952 1
5953 1
5955 1
5958 11
5963 2
5964 2
5971 1
5976 1
5980 2
5981 1
5983 1
5984 1
5985 1
5986 1
5987 2
5989 1
5994 1
6001 11
6002 1
6003 1
6005 1
6008 1
6010 2
6012 11
6014 1
6015 2
6017 11
6018 2
6020 1
6021 2
6022 3
6025 2
6028 3
6031 11
6032 2
6036 1
6037 11
6039 3
6040 1
6043 1
6046 1
6047 3
6048 1
6049 1
6050 1
6051 11
6052 1
6055 1
6056 1
6057 2
6059 2
6061 3
6062 1
6065 1
6066 1
6072 11
6073 2
6074 1
6075 2
6076 1
6077 3
6078 1
6080 1
6081 1
6082 2
6088 1
6089 11
6091 1
6092 2
6093 2
6103 1
6105 2
6110 2
6112 1
6113 1
6114 2
6116 1
6117 1
6118 2
6121 1
6123 1
6129 11
6135 2
6139 1
6144 2
6145 2
6147 1
6148 1
6149 1
6152 2
6154 1
6157 3
6158 1
6159 1
6161 2
6162 3
6163 2
6164 2
6165 1
6167 1
6168 1
6169 1
6175 11
6179 1
6180 1
6182 1
6183 3
6184 11
6186 1
6187 1
6194 2
6197 11
6198 11
6199 3
6201 1
6206 1
6208 3
6211 1
6212 11
6213 1
6217 3
6218 1
6220 3
6227 11
6234 1
6235 2
6236 1
6237 11
6239 1
6240 1
6244 2
6247 3
6252 1
6254 1
6255 2
6258 2
6262 11
6264 2
6267 1
6268 1
6270 3
6272 3
6275 3
6276 1
6280 1
6285 2
6288 1
6290 1
6294 3
6295 1
6297 2
6298 1
6299 1
6300 1
6304 1
6308 1
6309 1
6311 1
6313 1
6314 3
6316 11
6318 2
6319 11
6320 1
6326 11
6328 1
6330 1
6331 2
6332 3
6335 1
6338 2
6339 1
6340 1
6343 1
6344 1
6348 3
6353 1
6355 3
6365 1
6372 1
6373 3
6377 1
6378 1
6379 2
6380 1
6381 2
6387 1
6388 11
6393 1
6394 3
6395 2
6396 1
6398 11
6399 1
6400 1
6409 3
6411 3
6412 2
6414 1
6418 1
6420 1
6421 2
6425 2
6427 3
6429 3
6431 1
6432 2
6433 2
6437 1
6439 1
6440 1
6442 2
6444 1
6446 1
6447 2
6449 1
6455 11
6458 1
6461 1
6469 2
6470 2
6473 1
6475 1
6477 1
6482 1
6483 1
6484 2
6485 1
6486 1
6488 1
6489 1
6492 11
6493 1
6494 1
6497 1
6498 1
6502 1
6507 2
6508 2
6513 1
6531 1
6532 1
6536 1
6539 1
6540 1
6544 1
6545 1
6549 1
6550 1
6551 3
6552 1
6553 1
6556 2
6558 1
6561 1
6563 3
6567 1
6580 2
6581 3
6583 1
6585 2
6589 1
6590 11
6591 1
6593 1
6596 1
6601 1
6603 11
6604 1
6605 1
6608 1
6613 1
6618 1
6619 2
6620 1
6621 1
6625 1
6629 1
6634 1
6635 1
6636 1
6640 1
6642 1
6644 1
6646 2
6647 2
6648 1
6652 1
6653 2
6656 11
6659 1
6660 1
6661 1
6662 3
6663 1
6665 1
6666 11
6669 1
6670 11
6673 1
6674 1
6675 1
6677 1
6678 1
6681 11
6683 2
6684 2
6686 1
6689 1
6690 11
6693 1
6696 1
6697 1
6698 2
6702 1
6703 11
6704 2
6706 11
6710 2
6713 2
6715 1
6717 2
6721 1
6725 1
6730 3
6733 2
6734 3
6735 1
6736 1
6740 1
6741 1
6744 1
6746 2
6747 1
6749 11
6751 1
6758 1
6759 1
6763 1
6764 1
6765 1
6770 3
6771 1
6776 1
6777 2
6778 11
6780 2
6784 1
6785 1
6786 1
6790 2
6791 3
6793 1
6797 3
6798 1
6806 1
6810 2
6817 1
6818 1
6822 1
6824 1
6825 1
6829 3
6830 3
6833 1
6834 2
6835 1
6839 1
6842 2
6846 1
6847 1
6849 1
6850 2
6852 1
6853 1
6854 1
6855 3
6856 1
6857 2
6859 1
6860 3
6861 1
6863 3
6867 2
6868 1
6869 1
6870 3
6871 3
6872 11
6873 2
6877 3
6879 3
6885 2
6892 1
6893 11
6895 2
6897 1
6902 1
6903 1
6904 2
6908 1
6909 1
6912 1
6916 11
6918 2
6923 3
6929 2
6931 1
6933 1
6934 2
6936 1
6938 3
6942 1
6943 1
6948 1
6956 11
6957 1
6958 1
6959 1
6961 1
6963 1
6964 1
6969 1
6970 1
6972 1
6973 2
6974 1
6975 1
6976 1
6980 2
6982 1
6983 1
6988 1
6990 1
6991 1
6992 1
6993 2
6994 1
6995 1
6997 11
6998 11
7000 1
7002 1
7004 1
7006 1
7007 1
7009 1
7012 11
7013 1
7017 11
7019 2
7022 1
7027 1
7028 1
7036 11
7039 1
7040 1
7041 1
7042 1
7043 2
7044 11
7048 2
7050 3
7051 1
7053 1
7054 2
7055 2
7064 1
7065 3
7066 2
7067 1
7070 1
7072 1
7075 3
7076 1
7077 1
7078 1
7079 2
7083 1
7085 1
7087 11
7089 1
7090 11
7093 11
7096 1
7103 1
7107 2
7109 1
7110 2
7111 2
7114 2
7116 1
7119 2
7120 1
7123 2
7124 11
7125 2
7126 3
7127 11
7128 1
7136 1
7140 1
7142 1
7143 1
7145 2
7146 2
7147 2
7148 1
7149 11
7152 2
7159 2
7162 1
7163 1
7165 1
7167 2
7168 11
7171 2
7173 1
7175 11
7176 1
7179 1
7182 1
7183 3
7188 11
7189 1
7192 1
7195 2
7199 1
7206 2
7207 1
7208 1
7209 11
7213 1
7215 2
7220 1
7221 1
7224 2
7226 2
7227 11
7230 3
7232 3
7233 1
7235 1
7241 1
7242 1
7244 1
7246 1
7248 1
7250 2
7254 11
7256 2
7259 1
7260 1
7263 11
7265 2
7270 11
7272 3
7274 11
7276 2
7279 3
7282 1
7283 2
7286 1
7287 1
7288 1
7292 3
7302 1
7305 2
7306 1
7313 1
7315 2
7319 1
7321 1
7326 1
7327 2
7328 2
7329 1
7332 1
7336 1
7338 1
7340 1
7342 2
7343 2
7344 1
7347 3
7348 2
7349 3
7351 2
7354 1
7355 1
7356 1
7358 1
7360 1
7364 1
7366 2
7369 1
7370 1
7373 11
7375 1
7377 2
7379 1
7380 1
7382 1
7384 2
7385 1
7391 2
7392 1
7393 3
7395 1
7396 1
7398 1
7402 11
7404 1
7406 1
7410 2
7411 2
7414 1
7415 3
7417 2
7424 1
7427 1
7428 1
7434 1
7435 2
7436 1
7442 2
7444 11
7446 2
7449 2
7455 1
7457 1
7458 1
7459 11
7460 1
7461 1
7462 1
7463 1
7464 1
7466 2
7467 1
7468 1
7472 1
7477 1
7478 2
7479 11
7482 1
7483 2
7484 1
7486 1
7489 1
7491 11
7492 1
7494 2
7495 11
7500 1
7501 11
7503 2
7507 2
7511 1
7512 1
7516 2
7517 11
7518 1
7520 1
7522 2
7529 1
7530 2
7534 1
7535 1
7536 1
7537 1
7539 1
7542 11
7548 2
7553 1
7555 1
7556 2
7561 3
7562 1
7566 2
7567 3
7568 1
7571 3
7577 1
7579 2
7582 1
7584 11
7593 2
7594 1
7597 11
7598 1
7599 2
7601 2
7602 1
7603 3
7611 2
7625 2
7627 1
7630 1
7631 1
7636 1
7637 2
7638 3
7639 11
7640 1
7641 1
7643 1
7650 2
7652 3
7655 1
7656 1
7658 1
7663 1
7664 2
7668 1
7669 11
7670 1
7671 1
7675 3
7681 2
7684 1
7685 2
7687 11
7689 1
7692 1
7694 11
7695 3
7705 3
7707 2
7709 2
7711 1
7717 1
7718 2
7719 3
7720 1
7721 1
7723 1
7725 2
7728 2
7731 2
7733 1
7735 2
7741 1
7742 1
7743 3
7744 1
7746 1
7747 1
7750 1
7755 3
7758 1
7759 1
7763 1
7768 1
7769 2
7770 1
7771 1
7772 2
7773 1
7776 11
7778 1
7782 2
7783 1
7785 1
7786 1
7787 1
7791 1
7797 1
7801 1
7807 3
7810 1
7811 2
7814 2
7816 1
7820 2
7822 3
7823 3
7826 1
7828 2
7830 3
7832 1
7836 1
7839 1
7840 2
7842 3
7844 2
7848 1
7849 1
7852 2
7853 2
7856 1
7859 2
7862 1
7863 1
7866 2
7869 11
7870 1
7872 1
7874 2
7875 2
7877 1
7878 2
7885 2
7889 1
7890 3
7892 2
7893 3
7904 1
7905 1
7907 2
7909 1
7910 1
7913 1
7915 2
7917 11
7919 1
7921 11
7923 3
7925 11
7930 2
7931 1
7935 1
7937 2
7943 1
7947 1
7951 2
7952 11
7955 1
7957 11
7958 1
7960 1
7965 2
7967 2
7968 11
7970 1
7975 1
7976 1
7979 1
7981 1
7982 1
7983 1
7985 1
7986 1
7988 3
7991 1
7992 1
7998 11
7999 1
8002 11
8004 1
8007 1
8009 1
8012 11
8015 2
8019 1
8020 3
8027 1
8028 11
8029 11
8032 1
8034 1
8035 2
8037 1
8038 1
8042 1
8044 11
8046 1
8047 2
8051 1
8052 2
8053 2
8054 1
8055 2
8060 11
8064 1
8068 1
8071 1
8072 2
8074 1
8078 11
8080 11
8081 1
8083 1
8087 1
8088 1
8090 1
8092 3
8093 2
8102 1
8105 1
8110 2
8111 1
8112 1
8113 1
8114 3
8116 2
8117 2
8118 2
8119 1
8121 11
8124 1
8132 1
8133 1
8136 1
8138 1
8145 1
8146 11
8149 1
8150 1
8151 2
8152 1
8155 1
8156 2
8159 3
8160 1
8161 1
8162 1
8163 1
8167 3
8169 1
8172 2
8173 1
8174 2
8176 1
8177 11
8178 1
8180 1
8181 1
8182 1
8185 3
8186 1
8190 2
8195 1
8196 2
8198 1
8199 2
8200 2
8202 2
8209 1
8211 2
8213 2
8215 1
8222 1
8223 3
8224 2
8225 1
8227 1
8232 11
8233 2
8239 1
8242 1
8243 1
8244 1
8251 1
8255 11
8256 1
8261 3
8262 2
8264 1
8265 1
8266 1
8267 1
8269 1
8271 1
8278 1
8280 1
8281 2
8285 3
8286 1
8291 1
8294 11
8297 2
8299 3
8302 2
8303 1
8304 11
8308 1
8309 1
8310 1
8314 1
8316 3
8317 1
8320 1
8322 11
8324 1
8327 3
8331 3
8332 3
8335 1
8336 11
8337 3
8340 1
8341 2
8342 1
8347 1
8350 1
8352 1
8353 1
8354 2
8355 1
8357 3
8358 1
8359 1
8360 1
8363 1
8364 2
8365 1
8367 1
8369 2
8370 1
8372 1
8373 1
8376 1
8377 2
8378 1
8383 11
8384 1
8389 1
8390 2
8391 1
8392 1
8395 3
8401 1
8403 11
8404 1
8407 1
8411 1
8412 11
8415 1
8418 1
8421 3
8422 2
8425 11
8428 3
8430 1
8431 3
8433 1
8434 1
8435 1
8437 1
8445 2
8447 3
8448 1
8449 2
8450 3
8452 1
8456 1
8458 1
8459 2
8461 11
8464 2
8465 1
8472 2
8473 2
8479 3
8480 1
8482 1
8486 1
8489 1
8492 1
8494 1
8496 3
8502 11
8503 3
8505 1
8509 3
8514 1
8515 11
8519 2
8525 1
8532 1
8533 1
8538 1
8540 1
8542 1
8544 2
8546 1
8547 1
8549 1
8550 2
8554 3
8559 1
8560 2
8561 11
8564 1
8565 2
8569 2
8570 2
8571 1
8580 11
8590 1
8592 1
8594 1
8598 1
8599 1
8600 3
8601 2
8607 2
8611 1
8617 1
8618 2
8621 2
8622 2
8624 1
8626 1
8627 11
8629 1
8630 11
8631 1
8632 11
8636 1
8638 11
8640 1
8641 11
8643 1
8649 3
8651 1
8652 2
8655 1
8656 1
8659 1
8664 2
8666 1
8667 3
8669 1
8670 11
8682 1
8685 1
8689 11
8694 2
8695 1
8697 11
8698 2
8702 1
8705 1
8706 1
8707 1
8710 11
8716 1
8717 2
8718 11
8723 2
8724 1
8726 1
8730 1
8732 1
8734 2
8737 2
8739 2
8740 1
8741 1
8744 1
8751 1
8754 11
8755 1
8758 11
8760 3
8764 1
8765 1
8767 1
8768 3
8770 1
8772 2
8773 1
8775 1
8779 2
8781 3
8782 2
8783 1
8784 1
8785 3
8791 1
8795 3
8796 2
8798 2
8799 1
8800 11
8804 1
8806 1
8807 1
8809 2
8812 2
8814 1
8815 3
8816 1
8818 1
8825 11
8827 3
8829 1
8833 3
8836 3
8841 11
8843 1
8845 11
8853 2
8854 1
8856 1
8857 3
8859 2
8861 2
8862 3
8867 1
8868 11
8869 1
8870 2
8876 11
8878 1
8880 2
8883 1
8888 1
8889 1
8890 3
8896 3
8899 1
8902 1
8908 2
8910 1
8915 11
8918 1
8921 1
8924 2
8925 1
8926 2
8927 1
8928 1
8930 1
8933 3
8937 1
8940 1
8941 1
8942 11
8946 1
8948 1
8953 1
8955 3
8958 3
8960 1
8963 1
8966 1
8968 3
8969 1
8971 2
8973 1
8975 2
8976 1
8981 3
8982 11
8984 2
8985 1
8993 1
8994 1
9001 1
9004 1
9009 2
9010 2
9012 11
9019 1
9025 11
9028 11
9032 2
9037 1
9041 1
9043 2
9045 1
9047 11
9048 1
9057 1
9062 1
9063 11
9064 1
9069 3
9070 2
9071 1
9075 2
9077 1
9078 1
9080 3
9081 1
9089 2
9090 1
9091 1
9094 1
9100 3
9101 3
9102 2
9104 1
9106 1
9107 11
9108 1
9112 1
9118 1
9122 1
9129 1
9130 2
9133 1
9140 1
9148 1
9149 1
9150 2
9151 1
9155 1
9162 1
9163 2
9168 3
9174 2
9175 3
9180 1
9185 1
9186 1
9190 1
9193 1
9194 3
9195 2
9199 1
9200 1
9201 1
9202 1
9203 1
9209 1
9210 1
9211 1
9215 1
9218 11
9219 1
9220 2
9221 1
9226 2
9229 1
9231 1
9232 2
9235 1
9236 1
9239 1
9241 1
9244 1
9247 1
9252 1
9257 3
9259 11
9264 2
9265 1
9267 2
9269 2
9272 1
9277 2
9280 2
9281 1
9284 1
9292 11
9294 2
9299 1
9301 11
9309 1
9317 1
9320 3
9322 2
9324 11
9326 1
9328 11
9329 1
9332 2
9334 3
9340 1
9354 1
9356 11
9357 1
9358 1
9359 1
9364 1
9367 2
9369 1
9370 1
9372 2
9375 1
9376 3
9379 1
9380 2
9382 1
9387 1
9393 3
9399 1
9402 2
9404 1
9406 1
9407 3
9412 11
9414 1
9415 1
9418 1
9424 1
9425 1
9430 1
9436 1
9439 1
9442 2
9443 3
9448 1
9449 1
9450 3
9451 1
9457 3
9461 1
9462 11
9463 2
9464 1
9467 11
9468 2
9469 11
9474 1
9475 1
9477 1
9478 1
9479 1
9480 1
9483 1
9489 1
9492 1
9494 1
9495 1
9500 1
9506 1
9507 2
9508 3
9514 1
9516 2
9517 1
9518 2
9521 1
9524 1
9526 1
9527 1
9528 1
9529 11
9530 1
9533 3
9536 1
9537 11
9539 11
9543 2
9544 2
9546 2
9551 1
9552 2
9553 11
9560 2
9561 1
9566 1
9568 2
9569 11
9575 11
9577 1
9578 3
9582 1
9583 1
9589 2
9591 1
9592 1
9593 1
9595 1
9600 1
9601 2
9602 1
9604 11
9605 11
9608 1
9610 3
9611 1
9612 3
9615 1
9616 2
9618 3
9619 1
9620 2
9621 1
9622 2
9632 2
9633 2
9643 2
9644 1
9646 3
9647 1
9648 3
9650 2
9651 11
9655 1
9658 1
9660 1
9661 2
9666 1
9667 1
9668 1
9676 2
9679 1
9680 1
9681 11
9682 1
9694 1
9697 3
9704 1
9711 1
9713 1
9719 2
9722 1
9723 2
9726 11
9728 1
9732 1
9734 1
9737 1
9739 3
9742 1
9750 1
9752 1
9754 1
9760 3
9762 1
9763 3
9764 1
9769 1
9770 1
9775 2
9776 2
9777 1
9781 2
9784 1
9791 1
9794 1
9799 1
9800 1
9805 2
9811 11
9816 1
9817 1
9818 1
9821 1
9822 2
9826 1
9828 1
9829 2
9830 1
9832 11
9833 2
9834 1
9839 11
9840 1
9842 2
9843 2
9847 11
9854 1
9855 2
9859 1
9861 1
9863 1
9867 1
9868 2
9879 3
9885 1
9890 1
9892 2
9896 1
9898 1
9903 1
9904 1
9906 2
9907 1
9908 3
9910 1
9913 1
9916 1
9917 1
9918 1
9920 1
9922 1
9923 1
9924 11
9925 1
9927 1
9928 1
9930 1
9932 1
9937 1
9940 1
9946 1
9948 1
9949 1
9952 1
9953 1
9958 1
9960 1
9961 1
9962 2
9963 1
9965 2
9966 11
9967 2
9972 2
9975 11
9977 1
9979 11
9980 3
9981 1
9982 3
9984 2
9992 2
9995 1
9997 2
10000 1
10001 3
10003 1
10006 2
10010 1
10012 2
10015 1
10017 1
10021 1
10024 1
10027 1
10029 1
10034 11
10035 1
10036 1
10037 2
10039 1
10040 1
10044 1
10045 3
10048 1
10049 1
10051 2
10052 2
10054 1
10056 1
10058 1
10060 3
10064 1
10065 1
10072 1
10075 1
10076 1
10078 1
10081 1
10087 1
10089 1
10090 1
10091 1
10092 1
10093 1
10097 1
10106 2
10109 2
10110 1
10111 1
10112 1
10117 2
10118 3
10124 1
10125 1
10128 2
10129 1
10132 2
10134 3
10137 2
10138 1
10141 1
10144 1
10146 2
10149 1
10151 3
10153 1
10155 1
10156 2
10157 1
10162 1
10163 1
10165 11
10176 2
10177 1
10180 1
10184 2
10185 2
10188 11
10189 2
10191 1
10192 2
10193 1
10198 11
10201 3
10202 11
10203 11
10205 1
10206 1
10207 3
10209 1
10211 1
10212 1
10213 1
10220 1
10221 1
10222 1
10231 2
10233 1
10239 1
10243 2
10247 3
10251 1
10254 3
10257 2
10261 3
10263 1
10268 1
10269 1
10270 1
10271 2
10275 2
10277 1
10279 1
10283 1
10287 1
10293 1
10299 1
10301 1
10305 1
10309 1
10311 2
10313 2
10315 11
10317 3
10319 1
10322 1
10328 1
10333 2
10338 1
10343 1
10349 1
10351 1
10353 2
10356 1
10357 2
10359 1
10361 2
10363 1
10366 1
10367 1
10368 11
10373 1
10376 1
10377 11
10378 1
10379 1
10380 2
10383 11
10385 1
10392 2
10394 1
10397 1
10398 11
10399 2
10400 1
10401 1
10402 1
10407 1
10408 1
10411 1
10414 3
10416 1
10417 2
10418 2
10419 2
10422 2
10427 2
10430 2
10432 1
10435 11
10436 1
10438 1
10443 3
10444 3
10446 1
10455 2
10456 3
10459 2
10463 3
10465 2
10467 2
10469 1
10475 2
10476 1
10480 1
10481 1
10482 2
10484 1
10489 11
10491 1
10492 2
10493 1
10495 1
10496 3
10499 1
10501 2
10502 1
10503 1
10504 1
10505 1
10508 1
10510 1
10511 1
10512 1
10514 1
10517 1
10518 1
10520 1
10521 3
10522 1
10526 3
10527 2
10530 1
10531 3
10532 1
10533 1
10535 3
10536 3
10537 1
10542 1
10543 1
10544 1
10550 1
10552 3
10555 1
10556 3
10557 1
10558 11
10559 11
10564 3
10565 1
10566 1
10572 1
10575 1
10576 2
10579 2
10580 1
10588 2
10589 3
10590 1
10592 11
10595 3
10596 2
10599 3
10600 1
10604 1
10609 1
10610 1
10612 1
10613 3
10617 1
10621 1
10626 1
10627 1
10635 1
10637 1
10639 1
10640 2
10641 3
10642 11
10643 11
10647 1
10648 1
10652 2
10653 1
10654 2
10663 2
10666 1
10667 1
10668 2
10669 2
10670 11
10682 1
10683 1
10684 2
10687 1
10689 1
10690 1
10692 1
10693 1
10694 1
10695 1
10698 3
10699 2
10703 1
10705 1
10709 1
10710 1
10713 2
10714 3
10715 1
10718 1
10720 1
10724 3
10726 3
10731 2
10732 2
10735 1
10736 2
10743 1
10744 11
10745 1
10752 1
10755 1
10757 3
10758 1
10763 3
10770 2
10775 3
10778 1
10781 1
10783 1
10788 1
10790 3
10793 11
10794 1
10795 2
10797 2
10802 1
10811 1
10816 1
10823 11
10833 2
10842 11
10844 3
10846 1
10850 1
10851 1
10852 1
10853 1
10855 2
10856 1
10857 1
10861 1
10865 2
10870 1
10875 1
10878 1
10879 2
10883 1
10886 2
10890 1
10892 1
10893 3
10895 2
10896 3
10897 1
10900 3
10905 1
10908 3
10912 2
10915 1
10916 3
10917 1
10918 1
10922 1
10923 3
10925 11
10927 1
10928 1
10930 1
10932 1
10935 1
10937 11
10938 11
10939 1
10944 1
10947 11
10953 1
10954 1
10956 1
10957 1
10959 2
10960 2
10962 1
10965 3
10973 3
10975 1
10976 1
10977 2
10982 1
10983 11
10994 1
10997 1
11004 1
11005 1
11007 1
11008 1
11017 1
11023 3
11024 1
11025 1
11029 1
11030 1
11031 1
11032 1
11033 1
11034 1
11035 1
11038 1
11039 1
11042 1
11048 1
11049 2
11051 11
11052 3
11053 3
11054 3
11059 1
11062 11
11066 1
11067 1
11068 1
11073 1
11075 11
11077 1
11080 2
11081 2
11083 1
11086 2
11092 1
11098 1
11099 3
11100 2
11101 1
11102 3
11103 1
11105 1
11112 1
11114 2
11115 2
11116 11
11118 1
11119 2
11122 1
11124 1
11126 2
11127 1
11133 1
11134 1
11136 2
11138 1
11140 1
11142 1
11145 3
11147 2
11148 1
11150 3
11151 1
11153 1
11155 1
11156 1
11161 1
11165 1
11167 1
11172 2
11173 3
11174 2
11175 1
11179 1
11181 2
11182 1
11183 11
11184 1
11185 3
11186 2
11187 11
11192 2
11193 1
11196 11
11198 1
11200 11
11201 11
11202 1
11207 1
11208 1
11211 1
11212 3
11214 1
11216 1
11218 1
11219 1
11221 1
11224 1
11226 1
11227 3
11233 1
11235 1
11237 3
11239 2
11240 2
11241 2
11244 2
11245 1
11247 2
11248 1
11249 1
11253 1
11255 1
11256 1
11257 1
11264 1
11265 2
11268 2
11269 1
11271 1
11277 2
11278 1
11279 1
11280 2
11281 1
11282 2
11283 1
11290 1
11292 1
11293 11
11297 1
11298 1
11299 1
11300 3
11302 3
11303 2
11307 1
11310 1
11311 1
11317 2
11318 1
11321 1
11327 2
11328 2
11332 2
11338 1
11339 1
11340 1
11343 3
11344 1
11346 1
11347 1
11348 1
11350 3
11352 1
11354 11
11355 3
11356 1
11358 1
11359 1
11360 1
11361 1
11364 1
11366 2
11371 1
11372 1
11375 11
11377 1
11378 2
11383 2
11384 11
11385 1
11388 2
11389 3
11390 1
11392 1
11393 2
11401 1
11403 2
11414 1
11417 1
11420 2
11422 1
11423 3
11425 2
11431 1
11433 2
11434 1
11440 2
11441 1
11443 1
11447 1
11450 3
11451 1
11452 3
11453 1
11455 2
11456 1
11457 2
11460 1
11461 1
11464 1
11465 1
11472 1
11475 1
11477 1
11478 1
11479 2
11482 1
11483 1
11484 2
11487 2
11488 11
11491 1
11499 1
11501 1
11502 1
11503 1
11504 3
11511 1
11514 2
11516 2
11519 1
11521 11
11524 1
11531 1
11535 3
11541 1
11545 2
11546 1
11548 3
11550 1
11552 2
11554 1
11560 2
11564 1
11565 1
11566 1
11567 2
11572 1
11573 2
11575 1
11577 11
11579 1
11580 11
11585 1
11586 1
11587 1
11593 2
11594 1
11595 1
11599 1
11606 2
11607 2
11608 1
11609 1
11611 3
11617 1
11621 1
11624 11
11626 2
11627 11
11628 3
11633 1
11634 1
11640 1
11642 1
11645 1
11646 1
11653 1
11655 11
11656 2
11657 3
11658 1
11662 1
11666 1
11670 11
11672 1
11675 11
11677 1
11678 11
11680 1
11684 1
11686 3
11689 1
11690 1
11693 1
11697 1
11698 2
11699 1
11701 1
11703 11
11705 1
11708 1
11709 11
11714 2
11716 1
11717 1
11722 2
11724 11
11725 2
11729 1
11730 1
11733 2
11734 1
11738 1
11739 1
11740 1
11744 2
11745 1
11749 1
11754 1
11756 2
11757 11
11764 1
11767 2
11772 1
11774 11
11776 11
11777 11
11778 2
11780 2
11781 3
11782 1
11784 1
11786 1
11789 1
11790 1
11794 2
11795 1
11800 1
11801 2
11803 1
11806 1
11807 3
11808 2
11810 11
11813 1
11819 1
11820 2
11821 1
11829 2
11830 1
11831 1
11837 1
11838 2
11843 2
11844 2
11846 1
11849 2
11852 1
11853 1
11856 11
11857 2
11861 2
11863 2
11865 1
11868 1
11869 1
11870 2
11876 1
11878 1
11881 1
11884 2
11886 1
11887 1
11892 1
11893 1
11894 1
11897 2
11901 1
11907 11
11910 1
11916 1
11918 1
11920 1
11921 1
11922 2
11924 1
11926 11
11932 1
11933 2
11934 3
11935 3
11936 1
11941 1
11949 1
11951 1
11953 3
11954 2
11955 1
11957 1
11961 1
11962 3
11963 3
11964 2
11965 2
11966 1
11968 1
11971 1
11973 1
11975 11
11976 1
11978 1
11979 11
11984 3
11988 2
11995 11
11997 2
11998 1
12008 1
12009 1
12014 11
12017 3
12019 1
12020 11
12021 2
12022 1
12024 1
12026 11
12027 2
12032 1
12033 3
12034 1
12039 1
12040 11
12043 1
12047 11
12050 3
12052 1
12057 1
12059 1
12060 2
12061 1
12064 11
12065 1
12067 3
12068 1
12070 1
12071 3
12074 3
12075 11
12076 1
12077 3
12080 2
12082 1
12083 1
12084 11
12085 1
12086 1
12088 1
12089 3
12092 2
12097 1
12106 2
12107 3
12109 1
12110 11
12111 1
12115 1
12118 1
12120 1
12123 1
12124 1
12127 1
12130 1
12131 11
12134 1
12136 2
12139 2
12145 2
12149 1
12151 2
12155 11
12156 3
12157 1
12158 1
12161 11
12164 2
12166 1
12171 2
12172 3
12173 1
12175 1
12178 2
12179 2
12183 11
12185 11
12187 2
12190 1
12193 1
12194 1
12198 1
12199 1
12200 2
12202 1
12206 1
12211 1
12213 1
12215 2
12217 1
12221 1
12229 1
12231 11
12232 1
12239 2
12242 1
12243 11
12244 2
12245 2
12250 2
12252 1
12255 1
12256 1
12259 1
12260 1
12264 1
12266 1
12267 2
12273 1
12278 2
12279 1
12282 1
12284 1
12285 3
12287 1
12295 1
12296 2
12297 2
12301 1
12302 3
12308 1
12309 11
12311 1
12312 1
12318 1
12320 1
12321 1
12322 1
12324 2
12325 1
12326 1
12329 11
12330 1
12331 1
12338 11
12340 1
12341 1
12342 2
12343 1
12345 1
12346 11
12347 1
12348 11
12350 1
12354 1
12358 3
12359 1
12363 2
12365 2
12367 11
12368 11
12373 1
12375 2
12380 1
12383 2
12386 1
12393 1
12397 1
12399 2
12401 11
12403 1
12404 1
12405 1
12406 2
12408 2
12410 1
12416 2
12418 2
12419 2
12420 11
12421 2
12422 1
12423 2
12426 3
12431 1
12432 2
12433 2
12435 1
12439 1
12440 3
12441 1
12445 2
12446 1
12450 1
12451 1
12452 2
12453 11
12454 1
12458 1
12459 3
12463 1
12464 1
12468 11
12469 3
12471 1
12475 2
12478 1
12479 3
12480 1
12481 1
12482 1
12485 1
12486 1
12487 1
12493 11
12496 3
12500 11
12502 3
12503 2
12504 1
12505 11
12506 2
12511 1
12512 11
12513 3
12515 1
12517 1
12518 1
12519 11
12522 1
12525 3
12527 1
12531 1
12533 3
12538 3
12542 2
12543 2
12546 1
12547 11
12551 3
12554 2
12555 1
12558 1
12559 1
12565 1
12569 1
12570 3
12571 1
12573 1
12574 11
12578 1
12579 1
12587 1
12589 2
12592 1
12593 1
12598 1
12599 1
12600 1
12601 1
12603 1
12605 2
12607 1
12609 2
12610 1
12611 1
12612 2
12617 1
12620 1
12621 11
12623 1
12626 11
12627 1
12629 3
12631 11
12632 1
12633 1
12638 1
12639 1
12641 1
12642 1
12645 3
12646 1
12650 1
12651 2
12653 1
12656 11
12663 2
12670 2
12672 1
12679 2
12686 2
12691 3
12693 1
12694 1
12695 1
12699 1
12700 11
12702 1
12703 1
12704 3
12713 1
12716 2
12719 1
12720 1
12721 2
12723 1
12733 1
12734 1
12737 2
12740 1
12742 1
12744 2
12745 1
12746 3
12747 3
12750 11
12753 2
12756 2
12758 1
12759 1
12767 1
12768 1
12771 1
12777 2
12778 11
12779 1
12780 11
12782 11
12789 1
12791 1
12797 1
12799 1
12801 1
12802 1
12803 2
12804 11
12805 2
12806 1
12808 1
12809 3
12810 1
12811 3
12814 2
12816 1
12818 3
12820 11
12821 1
12822 1
12824 11
12825 11
12826 1
12828 1
12832 1
12836 2
12838 1
12840 2
12841 1
12845 1
12846 11
12850 1
12851 1
12852 1
12853 1
12854 2
12857 1
12859 1
12867 1
12870 1
12881 1
12884 3
12894 11
12896 1
12899 2
12900 1
12901 2
12903 3
12905 1
12907 3
12910 1
12913 2
12914 3
12916 3
12919 1
12920 2
12922 2
12924 1
12926 1
12927 3
12930 1
12932 1
12934 1
12937 1
12939 11
12940 2
12941 11
12945 1
12946 1
12947 1
12949 1
12951 1
12952 11
12954 11
12959 1
12963 1
12965 2
12966 2
12969 2
12972 1
12976 3
12977 2
12980 2
12981 2
12984 1
12985 1
12987 1
12989 2
12990 1
12992 11
12993 1
12994 3
12997 2
12999 3
13000 2
13001 1
13004 1
13006 1
13014 1
13017 1
13020 11
13022 11
13024 1
13028 3
13030 2
13032 1
13033 11
13035 1
13041 2
13049 1
13051 3
13056 1
13064 1
13065 1
13066 1
13071 1
13072 1
13074 1
13076 1
13077 3
13078 1
13080 1
13081 1
13084 1
13085 1
13086 2
13087 11
13092 3
13093 1
13096 2
13097 11
13098 1
13102 2
13104 1
13109 1
13110 1
13114 1
13115 2
13116 1
13119 1
13121 2
13124 1
13128 2
13130 1
13131 3
13133 1
13134 2
13136 1
13137 2
13140 2
13141 1
13142 1
13143 1
13144 1
13146 1
13148 1
13159 1
13160 1
13162 1
13170 1
13175 1
13182 1
13184 2
13188 1
13191 1
13192 2
13196 11
13198 1
13199 1
13200 1
13202 1
13204 2
13206 2
13210 1
13211 11
13213 1
13214 1
13217 2
13218 2
13220 1
13222 2
13224 1
13225 1
13226 1
13230 1
13233 1
13234 1
13236 3
13241 1
13246 1
13249 1
13250 2
13253 1
13260 2
13262 11
13265 1
13267 3
13270 2
13272 1
13273 1
13280 1
13281 3
13282 11
13291 1
13292 2
13295 1
13298 2
13302 1
13303 2
13311 1
13312 2
13314 1
13318 3
13319 1
13322 1
13327 1
13332 2
13335 3
13337 1
13342 1
13346 3
13347 1
13348 2
13350 1
13353 1
13357 1
13365 2
13367 3
13369 1
13373 1
13377 1
13378 3
13379 1
13386 1
13387 1
13388 1
13389 1
13390 1
13391 1
13393 1
13396 1
13397 3
13399 1
13400 1
13402 1
13407 2
13411 2
13418 1
13419 1
13424 1
13425 1
13429 1
13430 1
13432 2
13435 1
13440 3
13441 1
13445 1
13446 1
13449 3
13452 1
13456 1
13457 1
13459 1
13461 3
13462 1
13463 1
13466 1
13469 1
13472 1
13477 1
13478 1
13479 1
13482 1
13485 2
13489 2
13491 11
13494 1
13499 1
13500 2
13508 1
13509 2
13513 2
13516 2
13517 11
13518 1
13519 1
13524 1
13527 1
13534 3
13536 3
13540 2
13543 1
13544 2
13545 1
13546 3
13549 1
13550 1
13553 1
13554 1
13555 1
13556 3
13558 2
13569 3
13570 1
13573 1
13574 1
13576 1
13578 1
13579 2
13581 1
13582 2
13586 1
13587 1
13588 1
13589 1
13590 1
13594 1
13596 1
13597 2
13598 1
13602 1
13614 2
13615 2
13618 11
13620 1
13621 1
13629 1
13631 1
13632 1
13633 3
13635 1
13636 1
13637 2
13640 1
13641 1
13645 2
13646 1
13647 1
13649 2
13651 2
13657 1
13660 1
13663 1
13665 3
13671 1
13672 1
13674 2
13676 1
13678 1
13679 11
13680 1
13682 1
13691 1
13693 1
13695 2
13697 1
13702 1
13703 3
13705 1
13707 3
13708 11
13709 1
13711 1
13712 11
13716 1
13719 3
13720 2
13721 2
13722 1
13729 1
13732 11
13733 11
13734 1
13735 1
13736 3
13737 1
13746 1
13752 1
13759 2
13762 2
13766 1
13767 1
13768 3
13771 11
13773 1
13774 1
13775 2
13778 1
13779 11
13782 2
13784 2
13786 1
13788 1
13794 2
13795 2
13798 1
13802 3
13804 1
13805 1
13806 1
13809 1
13810 2
13811 1
13816 1
13820 3
13828 2
13831 1
13833 1
13834 2
13837 2
13838 2
13845 1
13848 1
13850 1
13852 1
13856 2
13859 11
13863 1
13867 11
13869 1
13870 1
13872 1
13876 3
13877 1
13879 2
13880 3
13881 2
13883 1
13885 1
13886 1
13887 1
13892 11
13893 11
13896 11
13900 1
13901 1
13902 2
13905 1
13906 1
13911 1
13913 1
13914 2
13919 2
13920 1
13921 1
13922 1
13924 2
13926 1
13928 2
13934 1
13937 1
13940 1
13944 3
13945 1
13947 1
13948 1
13950 1
13952 1
13954 1
13955 3
13959 2
13960 1
13964 1
13965 2
13966 2
13968 2
13969 2
13973 1
13975 1
13979 1
13982 1
13984 1
13985 11
13988 2
13989 1
13990 3
13991 1
13992 3
13993 2
13995 1
13997 1
13999 1
14000 1
14001 1
14002 1
14004 3
14005 1
14006 2
14008 1
14009 2
14011 1
14013 1
14017 1
14018 11
14020 1
14023 1
14031 1
14032 1
14037 1
14038 3
14041 11
14042 2
14046 1
14047 1
14051 1
14054 1
14055 2
14059 1
14060 1
14061 3
14064 1
14065 3
14066 1
14067 1
14068 1
14069 11
14073 1
14075 11
14076 1
14077 1
14079 1
14080 2
14087 1
14088 1
14096 11
14099 1
14101 1
14103 1
14104 3
14107 1
14109 1
14112 1
14113 1
14114 1
14116 1
14119 11
14120 1
14121 3
14122 1
14124 1
14125 1
14132 1
14137 1
14138 1
14139 2
14141 3
14145 3
14148 11
14152 3
14153 2
14158 11
14160 3
14162 1
14164 2
14165 1
14168 3
14171 1
14174 1
14175 1
14176 1
14177 2
14181 1
14183 2
14185 1
14187 3
14189 1
14190 11
14191 1
14192 1
14194 1
14201 1
14203 1
14208 3
14209 11
14213 11
14215 1
14217 1
14218 11
14222 1
14223 2
14224 1
14228 2
14230 3
14233 1
14239 2
14240 1
14244 1
14246 1
14247 2
14250 1
14251 2
14252 2
14255 1
14258 1
14263 11
14264 2
14266 1
14267 11
14268 1
14269 11
14270 3
14273 11
14274 11
14279 1
14281 1
14282 1
14288 3
14290 1
14295 2
14300 1
14305 1
14310 2
14311 1
14320 2
14321 1
14328 3
14330 2
14331 2
14332 1
14335 1
14337 2
14341 1
14342 1
14343 1
14345 2
14346 3
14347 2
14348 1
14351 11
14355 1
14356 1
14358 1
14359 2
14363 1
14367 11
14369 2
14371 1
14374 2
14375 1
14378 1
14380 1
14384 2
14386 1
14388 1
14391 1
14394 1
14396 11
14399 11
14400 2
14403 1
14405 1
14407 3
14409 1
14413 11
14422 11
14427 2
14428 1
14430 2
14432 11
14434 1
14435 1
14437 1
14438 1
14441 1
14443 2
14444 1
14447 1
14448 11
14454 1
14460 11
14461 1
14463 2
14464 1
14465 1
14468 1
14469 2
14471 1
14472 11
14474 3
14477 3
14480 11
14483 2
14484 1
14489 2
14496 1
14498 2
14499 1
14500 1
14501 3
14504 3
14511 1
14513 1
14515 1
14521 11
14523 1
14524 2
14525 1
14527 2
14528 11
14533 1
14535 1
14536 2
14537 1
14538 1
14540 3
14542 1
14543 1
14547 1
14548 2
14549 1
14550 1
14552 1
14553 2
14555 1
14558 1
14563 1
14566 3
14569 1
14571 1
14576 2
14578 3
14580 2
14584 1
14586 1
14594 1
14595 1
14598 1
14599 11
14603 11
14606 1
14609 2
14612 3
14614 1
14615 1
14623 2
14624 1
14625 3
14627 1
14629 1
14631 2
14636 1
14637 1
14642 11
14643 1
14647 1
14650 1
14654 2
14656 1
14657 1
14662 11
14663 2
14664 1
14665 1
14667 3
14668 11
14669 1
14671 1
14673 1
14676 1
14680 1
14682 1
14691 1
14695 11
14698 1
14700 1
14701 11
14705 3
14709 3
14710 1
14715 11
14717 2
14718 1
14723 1
14728 1
14729 2
14731 1
14740 2
14742 3
14743 1
14746 11
14749 1
14755 1
14756 3
14757 2
14759 1
14760 11
14763 1
14764 2
14766 1
14767 3
14772 1
14775 2
14779 2
14782 1
14791 1
14792 2
14796 1
14799 1
14800 1
14805 3
14807 2
14808 11
14809 2
14815 1
14818 1
14820 1
14825 1
14827 1
14830 1
14834 3
14837 1
14839 1
14843 1
14845 1
14847 1
14851 11
14855 11
14857 1
14858 1
14859 2
14861 11
14863 1
14864 1
14865 2
14866 3
14868 11
14869 1
14870 3
14873 11
14874 1
14876 1
14879 1
14881 2
14886 2
14892 1
14901 1
14905 3
14907 1
14910 3
14918 1
14920 1
14923 11
14926 1
14927 2
14928 1
14929 1
14930 3
14932 1
14934 11
14936 11
14938 1
14940 11
14941 2
14946 1
14947 2
14948 2
14950 11
14951 1
14953 1
14955 1
14959 1
14960 1
14966 1
14972 2
14973 3
14978 1
14979 1
14981 1
14983 1
14984 1
14990 11
14992 11
14994 1
14996 1
14997 1
14999 1
15001 1
15004 3
15007 3
15009 1
15010 1
15011 1
15012 1
15015 1
15018 1
15021 11
15025 1
15028 2
15031 11
15032 11
15033 2
15034 2
15038 1
15041 1
15044 1
15045 2
15048 1
15049 11
15050 1
15051 3
15055 1
15060 3
15061 1
15064 3
15065 11
15068 1
15070 2
15073 1
15075 1
15077 1
15078 3
15082 1
15083 2
15084 1
15085 11
15090 2
15091 1
15093 1
15096 11
15100 1
15102 1
15103 1
15106 1
15108 3
15110 3
15111 1
15112 1
15114 2
15118 1
15119 11
15120 1
15121 3
15122 3
15133 2
15134 1
15135 1
15136 1
15137 1
15139 3
15143 11
15147 1
15152 1
15153 1
15156 1
15158 2
15159 1
15162 3
15165 2
15168 1
15169 1
15171 2
15174 2
15177 3
15181 2
15183 2
15186 1
15188 1
15189 1
15190 1
15192 3
15197 1
15199 1
15206 2
15210 1
15212 1
15213 1
15217 3
15218 2
15219 2
15222 1
15224 1
15226 1
15232 3
15238 2
15240 2
15246 2
15247 1
15249 1
15252 11
15257 1
15260 11
15261 1
15264 2
15268 3
15273 2
15274 1
15275 1
15276 1
15277 1
15278 1
15279 1
15281 1
15283 1
15284 1
15291 3
15294 11
15295 2
15298 1
15304 1
15305 2
15314 1
15317 1
15318 1
15319 1
15320 1
15321 1
15322 11
15324 2
15325 1
15326 2
15328 1
15329 1
15330 1
15336 2
15339 1
15343 2
15344 2
15346 1
15347 1
15348 2
15351 2
15352 1
15360 11
15364 2
15365 1
15368 11
15371 1
15372 1
15373 11
15375 1
15378 1
15380 11
15384 11
15385 1
15386 1
15387 11
15388 11
15389 2
15391 2
15394 2
15399 1
15402 1
15405 1
15408 11
15409 3
15412 1
15415 1
15416 2
15419 3
15420 11
15424 1
15425 3
15427 1
15432 1
15433 2
15434 1
15435 1
15438 1
15445 2
15447 1
15448 1
15451 3
15452 1
15454 2
15455 1
15462 1
15463 1
15466 1
15469 11
15470 1
15471 1
15473 2
15477 11
15478 2
15480 1
15485 1
15486 1
15488 11
15489 1
15492 2
15493 1
15494 1
15495 11
15497 1
15499 2
15504 1
15509 2
15511 1
15512 1
15515 1
15516 1
15517 2
15518 1
15520 3
15530 2
15532 1
15534 3
15535 1
15536 2
15539 1
15541 3
15543 2
15544 2
15546 1
15547 1
15549 1
15550 3
15551 1
15561 1
15563 1
15564 1
15566 11
15569 1
15575 2
15581 1
15585 3
15586 2
15587 11
15591 1
15592 11
15595 1
15596 1
15605 11
15607 11
15608 1
15609 1
15610 1
15616 2
15620 1
15621 1
15623 3
15626 1
15629 1
15639 2
15640 1
15641 1
15644 2
15646 1
15647 3
15648 1
15651 1
15652 1
15653 1
15655 1
15656 1
15659 1
15661 1
15662 1
15663 1
15665 2
15667 1
15668 2
15669 1
15670 2
15671 2
15672 1
15673 3
15675 11
15677 1
15678 3
15680 2
15681 1
15682 2
15685 3
15686 1
15689 1
15693 2
15694 1
15695 2
15699 1
15702 2
15705 2
15706 1
15708 11
15718 1
15719 11
15720 11
15723 1
15724 2
15725 1
15726 1
15730 2
15733 2
15735 1
15741 1
15745 2
15751 1
15755 11
15759 1
15762 1
15764 1
15768 1
15771 11
15772 1
15777 2
15779 2
15782 1
15783 1
15784 1
15785 1
15788 1
15791 2
15792 11
15794 1
15795 3
15798 1
15800 1
15802 1
15805 2
15806 1
15808 1
15814 3
15815 11
15816 1
15820 1
15823 1
15824 3
15828 1
15829 1
15830 1
15832 1
15833 1
15834 1
15835 1
15842 1
15843 1
15844 3
15845 3
15847 3
15849 1
15850 1
15851 1
15852 2
15854 1
15856 1
15859 2
15861 2
15865 11
15866 1
15870 1
15871 1
15872 1
15874 11
15875 1
15876 1
15881 1
15882 1
15884 11
15889 1
15891 2
15894 1
15895 1
15898 11
15899 2
15900 2
15902 2
15913 1
15915 1
15916 1
15917 1
15919 1
15921 1
15922 1
15924 1
15926 1
15927 11
15934 1
15935 2
15937 11
15938 2
15940 2
15941 11
15944 1
15949 1
15950 2
15954 1
15957 11
15958 1
15959 2
15964 2
15967 1
15968 1
15973 1
15981 11
15982 2
15984 2
15987 1
15994 2
15995 1
15996 1
15998 2
16000 1
16002 11
16005 1
16007 1
16009 2
16011 1
16012 2
16013 1
16014 11
16015 1
16018 1
16019 2
16020 1
16021 3
16023 1
16025 1
16026 1
16029 2
16031 1
16032 1
16037 11
16038 1
16039 3
16040 1
16042 1
16043 2
16045 1
16047 1
16049 3
16051 1
16053 1
16055 1
16057 2
16062 2
16064 1
16071 1
16072 1
16073 1
16076 1
16078 1
16079 1
16080 2
16082 1
16085 3
16087 1
16091 1
16093 2
16095 2
16098 2
16099 1
16102 1
16103 1
16105 1
16107 1
16109 2
16111 1
16112 3
16114 1
16118 1
16121 1
16124 1
16125 3
16126 1
16130 1
16133 1
16135 2
16138 2
16141 2
16144 2
16147 11
16149 2
16150 2
16151 1
16153 1
16154 1
16156 1
16158 11
16159 1
16164 1
16172 2
16174 11
16176 11
16178 1
16179 1
16181 1
16183 2
16187 3
16188 2
16190 2
16191 2
16193 1
16198 1
16200 1
16202 1
16206 2
16207 1
16208 1
16209 1
16212 1
16213 1
16214 1
16215 1
16216 1
16224 11
16225 2
16226 2
16228 1
16229 2
16232 1
16233 1
16235 1
16238 2
16242 1
16243 1
16245 1
16246 3
16247 1
16248 1
16251 11
16252 3
16257 1
16258 1
16265 2
16269 3
16272 2
16274 3
16275 3
16277 1
16282 1
16284 1
16288 1
16296 11
16297 1
16300 1
16305 2
16307 11
16309 1
16310 3
16312 11
16313 1
16314 11
16317 3
16320 3
16321 1
16325 1
16327 2
16336 1
16337 1
16338 11
16341 2
16342 1
16344 1
16345 1
16347 1
16349 1
16352 1
16353 1
16354 1
16357 1
16360 1
16361 2
16365 1
16367 1
16371 11
16374 1
16376 2
16377 3
16378 1
16379 11
16383 2
16385 1
16390 1
16391 1
16392 1
16393 1
16394 1
16395 1
16397 1
16400 3
16401 2
16405 1
16407 1
16408 2
16410 1
16412 1
16413 11
16415 1
16416 1
16420 3
16421 2
16422 1
16430 3
16432 1
16433 1
16434 1
16435 11
16438 1
16440 1
16441 2
16446 1
16447 1
16448 2
16449 3
16450 1
16459 1
16461 1
16463 1
16466 1
16468 3
16469 1
16470 2
16474 3
16476 1
16487 1
16490 1
16492 1
16493 1
16495 1
16501 1
16505 2
16506 11
16509 2
16510 2
16511 1
16512 1
16518 1
16519 2
16520 1
16524 1
16527 1
16529 3
16530 1
16531 3
16535 1
16537 1
16538 1
16541 2
16543 1
16546 2
16548 1
16552 1
16555 1
16557 2
16563 11
16565 1
16569 2
16570 3
16580 2
16581 1
16582 2
16583 11
16584 1
16585 1
16586 1
16588 2
16589 2
16590 3
16591 1
16594 2
16597 3
16599 2
16601 1
16603 1
16609 1
16610 1
16611 1
16612 1
16614 11
16616 1
16617 11
16619 1
16620 11
16624 1
16625 3
16626 1
16627 1
16628 1
16631 2
16636 11
16637 1
16638 2
16640 1
16641 1
16646 1
16652 11
16654 1
16655 11
16659 3
16663 1
16670 3
16671 3
16673 2
16675 11
16680 1
16681 11
16683 1
16684 1
16685 3
16686 1
16688 1
16691 2
16698 1
16701 3
16703 1
16708 1
16710 1
16712 1
16715 1
16716 2
16717 1
16724 1
16726 1
16733 1
16734 11
16735 1
16736 1
16737 1
16738 1
16747 1
16750 1
16751 1
16752 2
16762 1
16765 1
16766 2
16777 1
16778 11
16782 1
16783 1
16787 1
16792 2
16794 3
16795 2
16796 1
16797 3
16798 11
16800 1
16801 1
16802 11
16804 1
16807 2
16808 1
16821 1
16823 1
16824 1
16826 1
16828 1
16833 3
16845 1
16846 1
16847 1
16850 2
16853 1
16854 1
16855 3
16861 1
16862 1
16863 2
16864 2
16868 2
16869 2
16870 3
16878 2
16879 1
16881 1
16882 2
16891 2
16895 3
16898 3
16900 1
16905 3
16906 1
16911 1
16915 1
16918 1
16921 3
16922 1
16924 2
16928 1
16938 2
16946 2
16947 1
16951 3
16952 11
16954 1
16955 11
16958 1
16959 2
16960 1
16965 2
16967 2
16968 1
16972 1
16974 2
16985 3
16986 1
16990 11
16991 1
16996 1
17001 1
17006 11
17007 1
17008 2
17010 2
17014 2
17015 2
17017 2
17018 2
17019 2
17020 1
17026 1
17030 11
17031 2
17032 11
17033 1
17034 1
17035 1
17036 1
17048 1
17050 1
17051 1
17052 2
17054 3
17056 1
17061 2
17068 1
17072 2
17074 1
17077 3
17078 1
17083 1
17084 2
17086 1
17087 11
17089 1
17091 1
17092 1
17097 1
17098 2
17101 1
17102 1
17106 2
17109 1
17114 11
17115 1
17123 1
17125 1
17129 11
17130 1
17131 3
17132 1
17133 1
17134 1
17138 2
17143 1
17146 3
17150 1
17151 3
17155 2
17159 2
17163 1
17167 1
17168 2
17169 2
17173 1
17175 2
17176 1
17179 1
17181 2
17183 1
17186 2
17189 1
17190 1
17192 1
17193 2
17197 1
17203 1
17204 1
17205 1
17206 1
17207 11
17212 1
17215 1
17220 1
17222 1
17223 1
17227 2
17229 1
17230 3
17232 1
17233 1
17234 1
17235 11
17236 2
17240 2
17242 1
17243 1
17245 1
17247 1
17248 1
17251 1
17252 3
17253 1
17257 1
17262 2
17266 2
17267 1
17271 1
17272 1
17279 1
17284 1
17285 1
17298 1
17299 2
17300 2
17301 1
17306 1
17310 3
17312 3
17313 2
17314 3
17315 1
17317 1
17320 2
17321 1
17322 1
17323 1
17324 2
17327 1
17330 1
17333 1
17337 2
17344 1
17348 3
17349 1
17355 2
17358 1
17359 1
17361 1
17362 1
17363 1
17366 1
17368 2
17369 3
17371 1
17372 1
17375 1
17376 1
17379 2
17383 1
17384 2
17391 1
17396 1
17399 1
17401 1
17402 2
17403 1
17404 11
17405 11
17411 1
17413 2
17416 1
17417 1
17419 1
17421 1
17422 2
17425 1
17426 1
17427 2
17429 1
17430 1
17432 1
17434 1
17436 2
17437 11
17438 3
17439 1
17441 1
17444 1
17445 3
17448 2
17459 1
17460 2
17462 1
17463 1
17464 1
17465 11
17466 1
17467 3
17468 1
17471 1
17472 1
17475 1
17477 2
17478 1
17482 11
17483 1
17486 1
17492 2
17497 11
17499 1
17500 1
17501 1
17505 1
17506 1
17507 11
17511 1
17513 3
17515 1
17516 1
17519 2
17524 3
17526 2
17529 11
17532 3
17534 1
17537 1
17542 1
17543 2
17544 2
17546 1
17547 11
17549 11
17550 3
17552 11
17553 1
17561 1
17564 1
17566 11
17567 1
17569 1
17573 1
17575 1
17576 11
17579 1
17580 2
17589 1
17593 3
17594 2
17595 1
17599 2
17602 2
17607 3
17608 11
17611 1
17614 11
17619 11
17628 11
17631 1
17634 3
17645 2
17649 1
17654 2
17657 1
17666 2
17667 1
17669 2
17674 1
17677 1
17681 1
17682 1
17684 3
17688 1
17689 1
17691 1
17692 1
17697 1
17698 11
17700 3
17701 1
17705 11
17707 2
17709 1
17710 2
17714 1
17719 1
17720 1
17722 2
17725 1
17726 1
17727 3
17734 1
17740 11
17741 2
17742 1
17744 1
17746 2
17747 1
17750 1
17751 2
17754 11
17759 1
17760 1
17761 1
17763 1
17766 1
17770 1
17771 1
17773 3
17775 1
17777 1
17778 2
17781 1
17782 1
17783 11
17784 2
17785 1
17787 1
17788 1
17789 11
17794 1
17802 1
17803 1
17808 3
17810 1
17814 3
17815 1
17823 1
17825 1
17828 1
17829 1
17832 2
17835 3
17842 1
17843 1
17845 1
17846 1
17849 2
17850 1
17851 1
17854 11
17857 1
17859 1
17861 1
17868 2
17871 11
17874 1
17877 1
17881 11
17883 1
17884 1
17885 1
17887 1
17890 1
17891 1
17893 1
17895 1
17899 1
17902 1
17904 1
17905 1
17906 3
17907 3
17912 2
17918 1
17922 3
17924 1
17927 1
17928 1
17929 1
17930 3
17931 1
17932 11
17936 1
17939 1
17946 1
17947 3
17951 1
17954 2
17955 1
17956 1
17969 1
17971 1
17976 1
17978 3
17981 1
17986 1
17989 1
17990 1
17992 2
17993 1
17994 1
17996 1
18001 1
18003 3
18004 1
18005 2
18008 1
18009 1
18010 3
18016 11
18017 2
18019 1
18027 1
18028 1
18030 2
18031 1
18035 1
18036 1
18038 1
18039 1
18040 2
18041 2
18044 1
18045 1
18046 1
18047 2
18048 1
18050 1
18054 1
18057 2
18060 1
18067 2
18068 1
18069 1
18075 3
18077 1
18082 2
18083 2
18085 1
18087 1
18088 1
18089 11
18092 1
18093 2
18094 11
18095 1
18100 1
18102 11
18105 1
18109 1
18110 1
18111 1
18113 2
18115 1
18118 2
18119 2
18122 11
18125 1
18126 11
18127 1
18128 3
18129 2
18133 2
18135 1
18136 2
18137 2
18139 1
18147 2
18151 1
18153 2
18154 3
18157 1
18159 1
18162 1
18163 1
18165 2
18167 11
18168 2
18169 1
18172 11
18175 1
18177 11
18181 3
18185 1
18186 1
18187 1
18189 1
18190 1
18193 1
18197 2
18198 11
18200 2
18205 1
18206 1
18208 11
18214 1
18215 1
18216 1
18221 2
18222 1
18223 11
18224 1
18227 2
18231 1
18233 1
18235 2
18240 1
18241 1
18244 2
18245 1
18246 1
18247 1
18248 2
18253 3
18254 1
18260 2
18263 2
18265 1
18271 1
18273 1
18277 1
18278 2
18279 2
18286 1
18287 11
18288 2
18289 1
18290 1
18291 1
18292 3
18299 2
18302 1
18304 11
18305 1
18307 1
18308 1
18310 1
18312 1
18314 1
18316 2
18318 2
18320 2
18325 1
18329 1
18330 1
18334 3
18335 1
18336 1
18342 2
18343 1
18344 1
18349 3
18351 3
18352 1
18353 1
18354 2
18356 1
18362 1
18364 1
18370 1
18373 1
18376 1
18377 2
18378 1
18379 2
18380 1
18384 2
18387 1
18392 1
18393 1
18394 2
18397 1
18399 11
18400 3
18402 2
18404 1
18407 3
18409 1
18410 2
18412 1
18416 1
18417 2
18418 1
18421 11
18428 1
18429 1
18430 1
18432 1
18436 1
18439 3
18442 1
18443 11
18445 1
18446 1
18450 1
18454 1
18455 1
18457 2
18469 3
18470 2
18472 2
18475 1
18481 1
18482 3
18485 2
18489 2
18493 1
18494 1
18498 1
18500 1
18502 1
18504 11
18507 1
18508 1
18515 2
18516 1
18518 1
18519 1
18520 2
18521 1
18524 1
18529 11
18533 3
18534 1
18535 1
18539 1
18540 2
18543 1
18544 1
18545 1
18546 1
18547 11
18551 2
18552 1
18553 2
18559 2
18562 1
18563 11
18564 1
18567 1
18570 1
18574 1
18577 1
18578 2
18579 3
18580 2
18581 1
18584 1
18586 3
18588 1
18589 1
18595 1
18597 2
18599 1
18602 1
18604 1
18613 2
18617 2
18622 11
18623 3
18629 1
18630 1
18631 1
18632 2
18633 1
18634 3
18636 1
18637 3
18639 11
18640 1
18647 2
18648 1
18652 2
18654 1
18656 2
18657 2
18658 1
18659 1
18660 1
18661 3
18662 2
18663 1
18664 1
18667 3
18671 1
18674 1
18676 1
18677 1
18685 1
18686 2
18688 1
18692 2
18694 1
18695 1
18699 2
18701 1
18702 2
18703 1
18706 1
18708 2
18713 1
18714 2
18715 2
18716 11
18719 1
18720 1
18721 1
18723 3
18724 1
18725 1
18726 2
18727 1
18728 1
18729 1
18732 1
18736 1
18737 1
18739 1
18741 2
18744 11
18745 11
18746 11
18749 1
18750 2
18751 1
18752 2
18754 3
18756 2
18762 1
18764 1
18765 3
18767 2
18768 1
18771 11
18772 1
18776 1
18777 2
18784 1
18787 11
18788 1
18789 1
18792 2
18794 1
18804 11
18806 2
18807 1
18808 1
18810 3
18811 1
18813 11
18814 11
18816 1
18817 1
18818 1
18820 3
18821 1
18822 1
18824 11
18826 1
18827 1
18828 1
18832 1
18833 1
18834 3
18835 1
18837 1
18842 1
18845 1
18848 1
18849 3
18851 1
18853 1
18854 1
18855 11
18859 1
18860 1
18862 1
18867 11
18869 1
18870 2
18872 2
18874 1
18884 11
18889 1
18891 2
18893 1
18894 1
18898 2
18900 1
18901 1
18907 1
18909 1
18910 1
18915 2
18916 2
18920 1
18923 1
18924 1
18926 3
18928 2
18929 1
18931 3
18932 1
18935 3
18936 1
18938 1
18939 1
18940 1
18944 1
18951 1
18952 2
18954 3
18955 1
18956 1
18957 1
18958 1
18961 1
18962 1
18963 1
18964 1
18965 1
18966 2
18969 1
18974 1
18975 11
18978 1
18979 2
18982 1
18984 3
18986 1
18987 1
18988 1
18993 1
18996 1
18997 1
18999 1
19000 1
19002 2
19004 2
19005 2
19006 1
19007 1
19008 1
19014 1
19015 2
19017 2
19018 1
19022 1
19025 1
19028 3
19029 1
19031 11
19034 1
19035 2
19039 1
19040 1
19043 1
19045 1
19046 1
19049 1
19058 2
19060 1
19062 1
19063 2
19064 2
19065 2
19066 1
19067 3
19068 1
19070 1
19073 1
19074 2
19075 1
19078 1
19079 1
19080 1
19081 11
19088 1
19089 2
19091 11
19097 1
19098 1
19099 2
19102 1
19104 1
19105 1
19107 1
19108 2
19110 2
19112 1
19114 2
19116 1
19117 1
19118 3
19119 2
19120 1
19122 1
19125 2
19126 3
19129 3
19131 1
19137 11
19139 1
19141 11
19142 2
19149 2
19152 1
19153 11
19157 2
19158 11
19161 2
19162 1
19163 1
19169 2
19171 1
19172 1
19174 1
19175 3
19176 1
19178 1
19181 3
19183 1
19185 1
19186 11
19187 1
19188 1
19191 1
19192 1
19196 3
19198 2
19199 3
19200 1
19201 1
19203 1
19204 1
19205 3
19208 2
19209 1
19210 1
19211 2
19213 1
19215 2
19222 1
19225 1
19228 1
19229 1
19230 1
19235 1
19236 1
19239 1
19241 1
19242 11
19243 1
19244 1
19245 2
19246 2
19249 3
19251 1
19254 1
19255 3
19256 1
19258 1
19261 2
19265 1
19268 1
19270 1
19271 1
19272 1
19273 3
19277 2
19279 1
19285 1
19286 2
19287 2
19293 1
19297 3
19299 1
19300 2
19302 11
19303 2
19304 1
19306 2
19307 2
19309 1
19314 2
19315 2
19316 1
19317 1
19321 2
19322 11
19323 2
19331 1
19332 1
19334 1
19338 11
19340 2
19341 3
19345 1
19350 1
19353 1
19355 1
19356 1
19358 2
19360 1
19366 2
19368 1
19370 1
19371 1
19372 1
19373 1
19374 11
19376 1
19379 1
19383 1
19386 3
19391 11
19392 11
19395 3
19396 1
19403 11
19405 1
19407 11
19408 3
19409 1
19415 1
19416 2
19418 1
19422 11
19423 1
19424 2
19428 1
19429 1
19431 1
19432 2
19433 2
19435 2
19437 1
19438 2
19439 2
19440 1
19442 1
19445 1
19449 1
19453 1
19454 1
19457 2
19458 1
19459 1
19463 1
19464 1
19466 1
19469 1
19472 1
19473 1
19474 1
19478 11
19480 2
19483 11
19484 2
19488 2
19490 11
19494 1
19498 1
19499 1
19501 11
19502 2
19505 1
19509 3
19511 11
19514 1
19517 11
19518 3
19519 2
19521 1
19523 1
19526 1
19529 1
19532 2
19539 1
19540 1
19542 1
19550 1
19551 3
19552 1
19554 1
19559 3
19565 2
19568 1
19570 1
19574 2
19575 1
19576 2
19578 3
19579 1
19581 2
19583 2
19584 1
19585 11
19590 1
19591 11
19592 1
19593 1
19594 1
19595 1
19596 1
19597 11
19601 2
19605 1
19606 2
19610 1
19612 1
19614 1
19615 1
19616 11
19619 11
19621 3
19622 3
19625 1
19626 2
19627 2
19628 3
19633 1
19635 11
19637 1
19638 11
19639 2
19641 1
19645 1
19648 1
19651 1
19653 3
19657 2
19658 1
19659 1
19664 1
19665 1
19671 3
19672 1
19674 1
19676 1
19678 1
19680 1
19681 1
19685 1
19686 1
19687 1
19690 1
19692 1
19693 1
19694 3
19696 1
19698 1
19699 3
19700 2
19703 1
19705 1
19710 1
19713 3
19714 1
19717 2
19718 1
19721 1
19723 1
19724 1
19728 1
19729 1
19730 1
19732 3
19739 11
19741 11
19742 1
19743 2
19750 3
19751 11
19752 1
19754 11
19758 1
19760 1
19764 1
19765 1
19768 1
19772 1
19775 3
19777 1
19779 1
19780 2
19782 11
19783 11
19784 3
19786 1
19789 1
19790 2
19791 3
19794 1
19795 1
19796 11
19797 1
19798 1
19799 1
19800 3
19802 1
19803 1
19804 3
19805 1
19808 2
19809 11
19811 2
19814 2
19817 3
19818 3
19819 1
19824 2
19825 1
19831 3
19832 3
19833 1
19834 1
19835 1
19836 1
19837 1
19843 1
19845 1
19846 2
19847 1
19848 1
19850 1
19853 1
19857 3
19858 2
19859 2
19861 1
19863 1
19864 1
19865 1
19870 1
19871 3
19872 1
19875 11
19876 3
19877 2
19881 1
19882 1
19883 1
19889 1
19890 3
19894 1
19895 11
19896 2
19897 3
19899 11
19908 1
19909 3
19910 1
19911 2
19913 3
19914 1
19920 2
19922 2
19925 11
19926 3
19927 1
19928 1
19931 1
19934 1
19938 1
19940 2
19944 2
19947 1
19949 1
19954 1
19955 3
19956 2
19958 2
19961 1
19966 2
19969 1
19974 1
19976 1
19977 2
19979 3
19982 11
19985 3
19986 1
19989 1
19990 11
19991 1
19993 1
19994 1
20000 1
20002 1
20004 3
20005 11
20007 1
20012 3
20015 1
20018 1
20021 1
20022 11
20023 1
20024 1
20026 11
20029 1
20030 2
20032 1
20039 2
20040 3
20041 1
20045 1
20046 11
20049 1
20050 1
20051 1
20052 3
20054 1
20055 11
20063 11
20068 1
20069 1
20070 2
20073 1
20074 3
20075 3
20076 1
20081 1
20082 1
20086 1
20087 1
20088 3
20097 11
20099 1
20103 11
20105 1
20108 1
20110 1
20111 11
20113 1
20115 1
20116 11
20118 11
20123 1
20126 2
20128 2
20129 2
20130 1
20133 2
20136 1
20137 1
20138 1
20139 1
20144 1
20148 1
20153 3
20157 1
20165 1
20167 1
20172 3
20174 1
20175 3
20179 1
20180 2
20181 1
20183 3
20186 2
20189 1
20191 2
20196 1
20197 1
20198 1
20200 2
20202 1
20207 3
20209 1
20211 1
20215 2
20217 1
20221 2
20223 1
20232 2
20234 1
20236 1
20240 1
20242 2
20243 1
20244 11
20245 1
20248 1
20250 1
20251 1
20253 1
20256 3
20259 1
20261 2
20262 1
20268 11
20269 1
20270 1
20275 1
20277 1
20279 1
20280 1
20286 1
20287 1
20291 1
20293 2
20295 3
20296 11
20298 3
20299 1
20304 1
20305 1
20308 3
20309 1
20312 1
20316 3
20319 3
20322 2
20324 3
20326 2
20327 1
20328 1
20329 1
20331 2
20334 2
20335 1
20337 1
20339 1
20340 1
20341 1
20345 11
20346 3
20347 3
20348 1
20349 11
20350 2
20351 1
20352 1
20358 3
20361 1
20367 1
20368 1
20373 1
20376 1
20380 1
20381 1
20382 2
20383 1
20385 3
20387 1
20389 1
20391 11
20392 2
20397 1
20402 1
20404 1
20407 1
20408 1
20409 2
20411 1
20413 3
20416 2
20419 1
20420 1
20422 1
20428 1
20430 2
20433 1
20434 1
20436 2
20437 2
20438 1
20440 1
20441 1
20444 2
20445 1
20447 3
20448 2
20450 2
20451 1
20455 1
20458 2
20459 2
20462 1
20463 1
20464 1
20468 3
20469 2
20471 1
20473 1
20474 1
20478 1
20480 2
20484 1
20486 2
20488 1
20493 1
20498 11
20499 1
20501 1
20506 1
20507 11
20511 2
20514 1
20515 1
20516 1
20518 1
20520 2
20527 1
20528 2
20538 1
20541 1
20543 1
20547 3
20548 1
20549 1
20550 1
20551 2
20552 3
20554 1
20559 2
20560 2
20561 1
20562 1
20563 1
20564 1
20567 2
20569 1
20570 1
20571 2
20572 1
20573 3
20575 1
20577 1
20585 11
20588 1
20596 1
20602 11
20605 2
20608 1
20610 1
20611 3
20614 1
20615 3
20620 1
20629 2
20632 1
20634 1
20635 11
20638 1
20639 1
20640 11
20641 2
20643 1
20646 1
20650 1
20651 1
20655 2
20659 2
20662 2
20663 1
20665 1
20666 1
20667 1
20668 1
20672 1
20676 1
20678 11
20679 3
20680 2
20683 11
20687 3
20690 3
20693 2
20700 1
20701 1
20712 1
20714 1
20715 1
20716 2
20719 2
20726 3
20727 3
20734 1
20742 2
20747 1
20750 1
20753 1
20754 1
20755 1
20759 1
20761 2
20763 1
20765 2
20766 2
20767 2
20769 2
20771 2
20772 1
20773 1
20774 11
20775 1
20776 11
20777 2
20782 1
20786 1
20788 1
20792 1
20793 2
20795 1
20797 2
20798 1
20799 1
20807 1
20809 1
20811 1
20813 1
20814 1
20815 1
20819 1
20825 1
20828 3
20830 1
20849 11
20850 1
20852 1
20857 2
20861 11
20862 2
20866 3
20870 2
20872 1
20873 2
20876 1
20877 1
20880 3
20881 11
20886 3
20889 2
20891 1
20892 1
20895 1
20896 1
20899 1
20901 1
20904 2
20905 1
20906 2
20910 1
20913 1
20918 2
20919 11
20923 2
20924 1
20925 1
20926 3
20932 1
20933 1
20939 1
20944 3
20950 1
20955 2
20956 11
20957 1
20959 1
20962 1
20965 1
20971 11
20980 2
20982 1
20985 3
20987 1
20990 3
20993 2
20995 2
20996 2
20997 1
21002 1
21004 11
21006 11
21007 2
21010 1
21011 11
21012 1
21014 2
21015 1
21016 1
21018 1
21019 2
21022 1
21024 1
21027 1
21029 1
21032 3
21036 1
21037 1
21038 1
21044 1
21052 1
21056 2
21057 1
21058 1
21062 1
21066 3
21068 3
21072 3
21076 2
21077 11
21080 1
21084 1
21086 11
21094 1
21096 11
21101 1
21104 1
21109 1
21112 1
21113 1
21116 1
21117 1
21119 11
21126 11
21128 1
21133 3
21134 1
21137 1
21138 3
21139 1
21141 1
21149 2
21158 3
21162 1
21164 1
21165 1
21166 3
21167 3
21169 1
21170 11
21173 2
21174 3
21176 1
21177 11
21178 1
21180 11
21186 1
21188 3
21190 11
21193 11
21198 2
21199 3
21201 1
21202 1
21206 1
21207 3
21209 1
21210 1
21211 2
21214 3
21215 1
21217 1
21219 1
21222 1
21224 1
21225 11
21226 11
21227 1
21230 1
21231 1
21235 11
21237 1
21239 1
21242 1
21246 2
21247 2
21253 1
21259 2
21261 3
21262 2
21264 3
21267 1
21269 2
21272 2
21273 1
21275 2
21285 1
21288 1
21289 1
21297 1
21300 1
21301 1
21302 1
21304 1
21305 2
21307 1
21311 1
21312 1
21316 1
21322 3
21326 3
21328 1
21329 1
21335 1
21336 1
21340 1
21341 2
21342 1
21344 2
21352 1
21354 3
21355 1
21356 1
21357 1
21358 11
21359 11
21361 2
21362 1
21364 11
21365 11
21368 1
21371 2
21372 2
21373 1
21375 3
21376 1
21379 1
21383 1
21387 1
21388 11
21391 1
21393 11
21400 1
21401 1
21406 1
21408 3
21410 2
21411 2
21412 1
21413 1
21414 1
21415 1
21416 1
21423 1
21424 11
21429 1
21430 2
21437 2
21439 1
21442 1
21445 1
21451 2
21452 1
21457 11
21461 1
21462 1
21463 1
21464 3
21465 3
21467 3
21470 1
21478 3
21479 11
21485 1
21486 1
21487 1
21488 3
21491 2
21499 1
21501 1
21503 1
21504 1
21508 11
21512 11
21514 2
21520 1
21521 2
21524 1
21525 1
21526 1
21527 2
21531 1
21533 1
21536 3
21539 11
21542 1
21543 1
21544 2
21548 1
21550 1
21552 1
21553 3
21555 1
21556 11
21559 1
21560 2
21562 1
21564 3
21566 1
21569 1
21570 1
21572 2
21573 3
21578 1
21582 1
21587 11
21589 1
21592 1
21596 11
21600 1
21601 11
21605 1
21606 1
21607 1
21609 1
21612 1
21615 1
21616 3
21618 1
21619 1
21620 11
21621 1
21625 3
21626 1
21627 1
21628 3
21631 1
21632 1
21633 1
21634 1
21642 1
21645 1
21646 1
21647 1
21649 1
21650 2
21654 1
21657 2
21658 1
21659 1
21665 2
21669 1
21670 1
21679 1
21680 1
21682 1
21684 2
21685 2
21686 1
21687 1
21688 2
21693 1
21695 11
21702 1
21705 1
21708 2
21709 11
21713 11
21715 1
21717 1
21719 2
21722 2
21724 2
21726 1
21729 2
21730 1
21741 2
21742 1
21743 1
21749 1
21750 2
21753 1
21754 2
21755 1
21757 1
21761 1
21765 1
21769 11
21775 1
21776 1
21779 1
21786 3
21788 1
21789 1
21793 3
21795 11
21799 1
21800 1
21802 1
21804 1
21805 2
21806 1
21807 2
21810 1
21812 11
21814 2
21815 1
21817 1
21818 3
21819 1
21821 1
21822 1
21823 1
21825 1
21827 1
21828 1
21833 1
21834 2
21838 1
21840 2
21842 1
21843 11
21846 2
21849 11
21852 1
21853 1
21854 3
21855 1
21858 3
21865 2
21866 2
21868 1
21873 2
21874 1
21875 2
21876 1
21881 3
21882 1
21883 1
21884 11
21885 2
21886 3
21890 3
21894 1
21896 1
21897 1
21905 2
21906 1
21907 1
21908 3
21909 2
21911 1
21912 11
21915 2
21920 1
21921 1
21922 1
21924 1
21927 1
21933 11
21934 1
21935 2
21939 1
21940 1
21942 1
21946 1
21947 1
21948 1
21949 1
21950 3
21954 2
21955 1
21957 1
21962 3
21963 1
21964 1
21965 1
21967 2
21968 1
21969 11
21970 2
21980 1
21983 1
21988 2
21989 1
21992 1
21993 2
21996 1
21997 11
21998 1
22000 1
22002 1
22003 2
22006 1
22010 1
22013 1
22017 1
22020 1
22022 1
22025 1
22027 3
22029 1
22031 3
22032 1
22035 1
22036 1
22037 2
22039 1
22041 3
22042 2
22043 3
22050 1
22051 1
22053 1
22057 2
22062 11
22064 2
22067 3
22069 1
22071 1
22074 1
22077 1
22080 1
22081 1
22084 1
22085 2
22086 1
22089 11
22090 2
22094 1
22095 11
22096 1
22098 2
22099 1
22101 1
22110 2
22113 1
22117 11
22124 11
22126 1
22127 1
22128 1
22131 1
22132 1
22136 1
22137 11
22145 1
22147 1
22148 1
22151 1
22154 1
22155 1
22158 11
22162 1
22168 1
22170 11
22172 3
22174 1
22175 2
22176 1
22177 1
22179 1
22180 2
22181 2
22184 2
22185 11
22187 1
22189 1
22201 1
22205 1
22206 1
22208 3
22209 1
22210 1
22211 1
22212 1
22216 1
22217 2
22218 2
22219 3
22221 1
22222 11
22226 11
22230 2
22232 1
22233 1
22235 1
22236 2
22237 1
22239 1
22240 1
22245 1
22249 2
22251 1
22255 1
22256 1
22259 1
22261 3
22262 1
22268 3
22270 1
22273 1
22275 1
22282 1
22284 1
22291 1
22294 1
22297 3
22298 2
22300 1
22302 3
22306 1
22309 1
22310 11
22313 1
22314 2
22320 1
22321 1
22326 1
22327 1
22328 3
22331 1
22333 1
22334 1
22337 2
22341 1
22343 3
22345 1
22350 1
22352 1
22353 1
22354 3
22358 1
22360 1
22361 1
22362 1
22363 1
22364 1
22367 1
22368 1
22369 1
22370 1
22372 1
22375 2
22376 2
22383 1
22385 1
22386 11
22389 11
22391 1
22395 1
22396 1
22397 11
22401 2
22405 1
22410 11
22411 1
22412 2
22415 1
22416 1
22417 1
22423 1
22425 1
22428 2
22431 1
22433 1
22434 11
22435 1
22437 3
22438 2
22444 1
22445 11
22454 1
22459 2
22460 3
22463 2
22464 1
22465 2
22468 1
22470 1
22474 2
22483 1
22492 1
22494 1
22495 1
22497 2
22501 1
22502 3
22503 1
22504 3
22505 2
22507 11
22508 1
22515 1
22519 3
22520 1
22522 2
22523 1
22524 11
22528 1
22529 1
22531 1
22535 1
22536 1
22542 1
22545 1
22548 11
22549 2
22550 1
22552 11
22554 3
22563 1
22565 11
22571 11
22575 1
22578 1
22584 1
22587 11
22588 11
22590 1
22591 11
22594 2
22597 1
22600 1
22606 2
22608 1
22618 1
22624 2
22629 1
22631 3
22632 2
22635 1
22636 2
22638 11
22639 1
22640 2
22646 11
22648 1
22654 2
22655 1
22657 1
22662 1
22664 1
22667 1
22674 1
22675 2
22677 1
22679 2
22682 2
22683 3
22685 2
22689 1
22691 1
22696 3
22697 1
22698 2
22701 1
22708 11
22709 1
22710 1
22711 3
22712 1
22718 1
22720 1
22721 2
22726 2
22728 3
22729 2
22730 2
22731 1
22733 1
22735 3
22741 11
22742 2
22743 1
22745 2
22746 1
22747 2
22749 1
22764 1
22765 1
22766 2
22770 2
22775 1
22779 2
22781 2
22784 1
22786 3
22789 1
22794 3
22795 1
22796 3
22798 1
22799 2
22800 2
22802 1
22805 1
22806 1
22807 1
22810 2
22813 1
22816 1
22820 1
22821 1
22822 1
22823 2
22824 2
22832 1
22836 3
22837 1
22839 2
22840 1
22843 11
22844 2
22847 1
22848 1
22851 1
22852 1
22860 1
22861 1
22862 2
22863 1
22864 2
22866 1
22867 1
22868 1
22869 11
22870 1
22872 1
22874 11
22875 1
22878 2
22879 1
22881 1
22882 2
22883 1
22885 1
22892 1
22895 3
22896 2
22899 1
22900 1
22906 1
22908 1
22910 2
22911 11
22915 1
22920 1
22921 1
22922 1
22924 2
22929 2
22933 2
22934 11
22935 1
22936 2
22937 3
22939 2
22940 1
22943 3
22944 1
22946 11
22947 1
22952 1
22954 1
22957 1
22958 1
22965 1
22966 3
22967 11
22969 3
22971 1
22976 1
22978 2
22980 1
22983 1
22985 1
22988 1
22989 1
22992 1
22995 11
22998 1
23002 3
23004 11
23006 2
23008 11
23009 3
23017 1
23020 1
23026 1
23027 11
23029 11
23030 1
23034 1
23035 1
23036 1
23040 1
23041 3
23044 11
23045 1
23046 3
23047 1
23048 1
23055 1
23056 11
23057 1
23058 1
23065 2
23078 1
23080 1
23082 11
23087 11
23088 11
23093 11
23097 3
23099 1
23102 1
23105 1
23111 2
23112 1
23115 1
23120 1
23126 1
23130 2
23134 1
23135 1
23140 1
23141 1
23142 2
23145 1
23146 1
23150 1
23154 1
23156 1
23157 2
23161 1
23164 1
23165 1
23166 1
23168 1
23169 11
23175 1
23182 1
23183 3
23184 1
23186 1
23188 2
23193 1
23194 1
23196 1
23197 11
23199 1
23203 3
23206 2
23209 1
23211 2
23212 1
23214 3
23215 1
23224 1
23225 1
23227 1
23228 2
23229 1
23231 1
23234 2
23239 2
23241 3
23244 1
23245 2
23246 1
23257 3
23259 11
23260 1
23265 1
23273 2
23275 2
23276 2
23279 3
23281 2
23283 1
23284 1
23285 2
23287 2
23288 1
23296 3
23299 1
23301 11
23308 2
23309 1
23312 1
23313 1
23315 1
23321 2
23324 2
23325 1
23326 11
23328 3
23330 1
23334 3
23337 1
23339 2
23340 1
23342 2
23344 1
23347 1
23348 1
23356 11
23358 1
23359 1
23360 1
23362 2
23364 2
23365 3
23367 1
23368 1
23373 11
23374 2
23376 1
23382 3
23384 1
23385 1
23388 1
23392 1
23394 2
23399 2
23402 1
23404 1
23406 2
23407 2
23415 1
23417 11
23418 2
23423 2
23424 1
23427 1
23430 1
23432 1
23436 1
23437 3
23438 3
23441 2
23442 2
23448 1
23449 1
23450 2
23456 1
23459 1
23460 1
23462 1
23464 2
23465 1
23466 1
23470 1
23471 1
23472 2
23475 1
23476 1
23477 1
23481 3
23482 11
23483 1
23486 11
23490 3
23491 3
23495 1
23501 1
23503 1
23504 3
23507 1
23510 1
23513 2
23517 2
23519 1
23524 2
23526 1
23529 1
23536 1
23537 1
23538 1
23539 1
23542 1
23543 1
23545 2
23548 11
23556 2
23557 1
23565 1
23568 1
23570 1
23579 3
23583 11
23584 1
23588 11
23589 1
23597 1
23598 1
23608 1
23611 1
23612 1
23613 1
23614 1
23618 2
23619 1
23620 2
23623 1
23625 3
23628 1
23630 1
23631 1
23634 1
23637 1
23638 2
23639 2
23642 1
23645 1
23646 1
23649 1
23653 2
23654 1
23657 1
23669 1
23672 1
23674 1
23677 2
23680 1
23681 2
23684 2
23686 3
23687 2
23692 1
23697 1
23698 1
23700 3
23702 1
23703 1
23705 1
23711 1
23714 2
23718 2
23721 1
23728 2
23729 3
23731 2
23733 3
23738 1
23739 3
23742 3
23743 1
23747 2
23754 1
23756 2
23758 1
23763 11
23766 1
23768 11
23774 1
23775 1
23777 2
23779 2
23781 1
23786 1
23790 1
23791 1
23792 11
23793 2
23794 3
23795 1
23797 2
23802 1
23809 1
23813 1
23825 3
23826 1
23827 11
23828 11
23829 1
23835 2
23839 2
23845 1
23846 2
23849 1
23852 3
23860 1
23863 1
23866 1
23869 2
23872 2
23874 1
23877 1
23878 1
23879 2
23881 2
23882 1
23884 1
23888 2
23890 2
23891 2
23894 1
23896 11
23901 1
23911 1
23915 2
23917 1
23925 11
23926 1
23928 1
23929 1
23933 11
23940 1
23941 2
23944 2
23945 1
23949 1
23951 3
23953 1
23959 1
23961 1
23962 3
23967 1
23968 1
23969 2
23970 1
23973 1
23974 1
23976 2
23977 1
23980 1
23985 3
23986 3
23987 1
23992 1
23993 1
23995 1
23997 1
23998 3
23999 2
24002 2
24003 2
24006 1
24010 3
24011 1
24017 11
24018 11
24019 1
24022 1
24023 1
24025 2
24035 1
24036 11
24037 3
24038 11
24039 1
24043 1
24046 1
24047 1
24050 1
24056 1
24057 3
24059 1
24060 11
24061 1
24063 3
24066 1
24067 1
24071 1
24075 1
24081 1
24087 1
24089 1
24090 2
24091 1
24092 1
24098 2
24101 1
24102 3
24108 2
24109 1
24115 1
24116 1
24117 1
24120 1
24126 11
24127 1
24135 1
24139 1
24140 1
24144 1
24149 3
24150 3
24152 1
24157 3
24160 1
24164 11
24167 1
24170 2
24178 11
24181 1
24182 2
24184 3
24185 1
24186 1
24187 3
24188 2
24192 1
24195 11
24199 1
24202 1
24203 2
24204 2
24205 3
24207 1
24211 1
24212 1
24215 1
24216 1
24217 1
24219 1
24222 3
24223 11
24224 3
24226 3
24227 1
24228 3
24229 2
24230 1
24232 1
24233 3
24235 2
24236 1
24245 1
24247 1
24248 11
24250 3
24254 11
24255 11
24257 1
24258 2
24263 1
24264 1
24265 11
24269 2
24278 1
24283 1
24286 1
24287 1
24288 1
24290 2
24292 2
24293 1
24295 1
24296 3
24302 1
24303 1
24306 1
24310 1
24312 1
24315 1
24317 1
24320 11
24321 1
24327 1
24329 11
24330 1
24334 2
24335 1
24340 2
24341 1
24345 1
24349 11
24350 11
24352 2
24358 1
24361 1
24364 1
24367 3
24368 1
24370 1
24371 1
24374 1
24376 1
24378 1
24382 3
24383 2
24384 1
24386 1
24391 3
24395 1
24396 1
24397 2
24400 3
24401 1
24404 1
24405 1
24406 1
24408 1
24409 11
24410 1
24412 1
24413 3
24417 1
24418 1
24419 1
24422 3
24426 1
24427 1
24428 2
24429 1
24430 1
24431 1
24432 1
24436 1
24437 2
24438 2
24443 1
24446 11
24450 11
24451 2
24452 3
24460 2
24461 1
24464 1
24465 1
24468 1
24471 2
24472 1
24477 1
24478 1
24479 2
24481 1
24485 1
24489 2
24491 2
24497 1
24501 1
24505 1
24508 11
24510 11
24514 1
24515 1
24517 11
24520 1
24522 1
24523 3
24524 1
24527 1
24529 1
24531 1
24535 1
24537 1
24538 3
24541 1
24542 1
24545 1
24546 2
24547 2
24550 2
24551 2
24554 11
24555 1
24561 1
24562 1
24563 1
24565 1
24566 1
24568 3
24569 1
24572 1
24574 1
24579 1
24581 1
24583 2
24584 11
24585 1
24586 2
24587 3
24594 1
24601 1
24606 1
24609 3
24613 1
24616 3
24617 11
24619 2
24621 2
24626 1
24627 1
24628 1
24629 1
24630 1
24631 1
24632 1
24635 1
24636 2
24639 11
24640 1
24642 2
24644 1
24645 11
24647 1
24648 11
24652 1
24655 1
24657 1
24665 2
24668 1
24671 1
24685 1
24688 1
24692 1
24697 3
24699 3
24705 1
24706 3
24707 1
24711 1
24712 3
24715 1
24716 1
24720 1
24723 1
24724 1
24726 1
24727 1
24732 2
24736 11
24737 1
24738 1
24739 2
24741 1
24742 1
24745 1
24747 1
24748 1
24749 1
24753 2
24754 1
24755 2
24756 1
24757 1
24764 1
24765 1
24768 1
24770 1
24771 11
24772 3
24775 1
24776 1
24781 1
24782 1
24783 1
24784 2
24787 2
24789 2
24793 1
24794 2
24796 1
24798 3
24799 11
24806 2
24808 1
24809 11
24810 1
24812 1
24813 2
24814 1
24817 1
24818 1
24821 2
24823 2
24824 2
24825 1
24829 1
24835 3
24839 1
24845 1
24846 1
24847 2
24848 2
24850 1
24851 1
24852 11
24855 1
24856 1
24860 2
24864 11
24867 1
24870 2
24873 1
24875 2
24877 1
24878 2
24880 1
24882 1
24885 2
24886 1
24888 1
24889 3
24891 2
24892 2
24896 3
24897 3
24898 1
24900 2
24903 3
24904 1
24907 1
24908 3
24910 2
24912 11
24914 1
24915 3
24916 3
24917 1
24919 1
24922 1
24923 1
24925 2
24927 1
24928 11
24929 1
24934 1
24935 1
24936 3
24941 1
24944 1
24945 1
24950 1
24953 1
24955 2
24965 11
24966 1
24970 3
24973 11
24974 1
24976 2
24982 1
24987 1
24992 1
24994 2
24998 1
24999 1
25000 1
25003 11
25005 1
25007 1
25008 1
25011 2
25018 11
25020 11
25021 2
25022 1
25029 1
25030 1
25031 1
25032 1
25035 1
25036 1
25037 1
25043 1
25051 1
25052 1
25054 3
25055 1
25057 1
25060 1
25065 2
25066 11
25068 1
25074 2
25075 1
25076 3
25083 2
25086 3
25090 1
25091 1
25092 1
25098 1
25099 11
25103 1
25105 11
25107 3
25109 1
25115 1
25120 1
25121 11
25122 1
25124 2
25127 11
25133 1
25138 1
25142 2
25143 1
25146 1
25147 1
25148 2
25151 11
25152 3
25153 3
25158 1
25161 2
25166 3
25169 11
25173 1
25176 1
25177 1
25179 11
25181 11
25182 1
25184 1
25186 2
25187 1
25191 1
25192 3
25195 1
25198 2
25199 2
25204 1
25209 1
25210 1
25211 1
25214 1
25215 1
25216 3
25217 2
25219 2
25221 2
25222 1
25223 1
25225 11
25226 2
25235 11
25239 1
25241 1
25242 2
25245 1
25248 3
25249 1
25250 1
25255 3
25258 1
25259 11
25261 11
25265 1
25270 1
25271 1
25272 11
25273 1
25274 1
25276 1
25279 1
25280 1
25284 3
25287 1
25288 1
25289 1
25296 1
25297 1
25303 1
25311 1
25312 1
25313 2
25314 1
25316 2
25319 1
25320 1
25321 1
25325 1
25326 1
25327 1
25331 1
25338 1
25340 3
25342 1
25344 1
25345 2
25347 1
25349 1
25351 11
25353 1
25354 11
25356 11
25359 11
25366 1
25368 1
25369 11
25374 2
25376 1
25377 1
25378 1
25379 1
25380 1
25383 1
25384 1
25386 11
25387 1
25390 2
25391 3
25392 1
25393 2
25395 1
25398 1
25405 3
25407 1
25410 1
25413 1
25423 1
25424 11
25427 1
25429 1
25433 1
25434 1
25439 1
25442 1
25443 1
25447 1
25458 1
25462 1
25463 11
25466 1
25467 1
25470 1
25472 11
25477 1
25478 1
25480 1
25483 1
25484 2
25489 1
25490 3
25492 2
25494 3
25495 3
25497 11
25498 2
25499 1
25500 1
25501 1
25503 3
25507 3
25509 1
25511 1
25512 1
25513 1
25514 3
25521 1
25522 11
25524 1
25526 1
25528 1
25536 1
25540 1
25543 1
25545 1
25549 2
25553 1
25560 3
25561 3
25563 1
25564 2
25566 1
25568 2
25570 11
25572 11
25574 1
25575 1
25576 1
25580 1
25582 1
25584 1
25585 2
25587 1
25589 1
25591 1
25592 1
25594 1
25596 1
25602 1
25606 1
25607 1
25610 2
25611 2
25616 2
25625 1
25627 1
25628 3
25629 3
25632 1
25633 2
25636 2
25641 3
25643 1
25645 1
25646 2
25647 3
25651 1
25652 1
25656 1
25661 1
25662 2
25664 11
25668 1
25669 1
25670 2
25675 2
25677 2
25683 2
25686 1
25690 1
25692 1
25693 1
25694 1
25695 1
25696 1
25700 1
25708 2
25710 11
25714 1
25716 2
25719 1
25721 11
25724 1
25725 3
25726 1
25736 1
25737 11
25749 3
25750 1
25751 2
25754 1
25755 2
25757 1
25759 1
25760 1
25762 1
25765 11
25766 11
25769 1
25770 1
25775 1
25778 1
25780 3
25782 1
25789 1
25791 1
25794 1
25796 1
25800 1
25801 1
25804 11
25805 1
25807 2
25808 1
25809 1
25810 1
25811 1
25814 1
25816 1
25817 3
25818 1
25827 1
25836 2
25837 3
25839 1
25840 2
25844 3
25848 11
25849 2
25853 1
25854 1
25856 1
25857 1
25860 3
25863 2
25865 1
25867 1
25869 1
25870 3
25873 2
25874 1
25875 1
25876 1
25879 1
25880 3
25882 1
25886 1
25887 1
25892 2
25894 1
25896 1
25898 1
25900 3
25901 1
25902 3
25904 1
25906 11
25909 2
25911 3
25913 2
25915 2
25917 1
25919 1
25921 1
25927 1
25929 3
25931 1
25937 2
25938 1
25939 1
25941 3
25942 1
25945 2
25947 2
25950 1
25951 2
25952 3
25953 1
25954 1
25958 2
25960 2
25962 1
25963 1
25964 11
25968 1
25972 1
25974 2
25980 11
25981 11
25982 1
25983 1
25984 2
25985 1
25987 1
25988 1
25989 1
25991 1
25993 2
25994 11
25995 2
25998 11
26000 1
26003 1
26008 1
26009 11
26012 1
26016 1
26018 1
26019 1
26021 2
26022 2
26024 11
26026 2
26028 1
26029 2
26030 2
26035 1
26037 1
26039 3
26040 11
26041 3
26042 11
26043 11
26044 1
26049 11
26051 2
26054 3
26055 2
26056 1
26058 2
26060 3
26062 1
26063 1
26064 11
26066 1
26068 2
26069 1
26070 1
26074 1
26075 11
26076 3
26077 1
26079 1
26081 1
26082 1
26083 1
26087 1
26088 2
26090 2
26093 1
26094 2
26095 1
26102 1
26104 1
26105 2
26106 11
26110 3
26111 1
26114 2
26115 1
26117 1
26122 2
26125 2
26128 1
26132 1
26136 1
26137 1
26142 1
26144 1
26146 1
26148 1
26149 1
26150 1
26151 3
26153 1
26154 11
26155 1
26159 1
26162 1
26163 2
26166 3
26167 1
26168 11
26170 3
26171 11
26174 3
26176 1
26180 3
26184 2
26185 2
26189 1
26190 1
26193 2
26198 1
26202 3
26204 1
26208 3
26209 1
26210 1
26216 2
26219 1
26221 1
26222 3
26223 11
26228 1
26229 1
26232 3
26235 1
26236 1
26239 1
26240 1
26246 11
26249 1
26252 1
26253 1
26255 3
26259 1
26260 11
26262 1
26268 1
26272 1
26278 1
26281 11
26283 2
26284 1
26287 1
26290 1
26292 1
26293 1
26294 2
26298 1
26300 2
26305 1
26310 11
26315 1
26316 1
26321 1
26322 1
26324 2
26326 1
26328 1
26329 1
26332 2
26334 2
26336 1
26337 2
26338 1
26339 1
26343 1
26350 1
26355 1
26357 2
26362 1
26364 1
26366 3
26367 2
26371 3
26372 2
26376 1
26377 1
26378 1
26381 3
26382 2
26389 3
26390 11
26393 1
26394 1
26395 1
26399 2
26401 3
26402 2
26403 1
26404 2
26407 3
26414 1
26422 1
26424 1
26425 1
26426 1
26432 11
26436 1
26437 2
26438 1
26439 1
26440 1
26441 3
26443 11
26444 1
26445 1
26447 1
26449 11
26453 1
26458 2
26459 2
26460 1
26461 1
26463 1
26464 1
26466 3
26469 1
26470 1
26473 1
26474 2
26478 1
26480 3
26483 1
26486 1
26487 2
26491 11
26492 1
26494 11
26495 1
26496 11
26500 1
26502 1
26504 11
26506 1
26507 11
26508 11
26509 1
26510 2
26513 2
26517 1
26518 3
26519 11
26520 1
26522 2
26523 2
26529 1
26531 1
26539 11
26541 3
26546 1
26548 2
26553 1
26557 1
26560 1
26561 1
26563 2
26569 11
26570 2
26571 11
26574 2
26576 11
26582 3
26583 1
26593 1
26594 2
26596 1
26597 1
26601 1
26602 11
26605 3
26606 1
26611 2
26612 1
26614 1
26616 1
26618 2
26622 1
26623 11
26624 1
26627 11
26633 1
26634 2
26637 2
26639 1
26640 1
26647 3
26648 11
26649 1
26654 1
26655 1
26658 1
26659 1
26664 1
26665 11
26666 3
26675 11
26676 1
26679 11
26680 2
26683 1
26691 11
26692 1
26706 2
26707 1
26708 1
26715 1
26716 1
26717 1
26720 2
26722 1
26725 1
26727 1
26728 1
26731 1
26732 3
26734 1
26737 1
26739 1
26740 1
26742 1
26744 11
26746 1
26747 2
26748 1
26749 1
26750 1
26754 1
26755 1
26756 1
26758 1
26763 1
26764 2
26765 1
26766 2
26770 1
26773 2
26774 1
26777 1
26778 3
26785 11
26791 2
26793 1
26794 1
26795 1
26796 1
26798 1
26799 1
26801 1
26805 1
26807 1
26808 1
26813 1
26814 3
26815 1
26816 1
26818 3
26819 2
26820 1
26821 1
26824 11
26826 1
26827 1
26829 1
26833 1
26834 1
26836 1
26839 1
26842 2
26843 1
26845 2
26846 1
26852 2
26854 1
26855 1
26857 2
26860 2
26862 1
26865 1
26867 1
26872 3
26873 3
26874 2
26876 1
26877 2
26880 11
26881 2
26882 1
26883 2
26888 1
26890 2
26892 11
26893 1
26895 1
26897 2
26902 1
26903 2
26907 2
26910 1
26912 11
26918 1
26919 2
26920 1
26921 1
26924 1
26925 1
26926 11
26929 2
26931 1
26933 2
26934 1
26937 1
26939 1
26942 1
26944 11
26945 1
26946 3
26957 1
26959 1
26960 3
26963 1
26964 1
26965 1
26969 2
26970 1
26971 1
26972 1
26977 2
26978 1
26980 2
26981 2
26985 1
26987 1
26991 11
26992 1
27000 1
27001 1
27006 1
27011 3
27015 1
27016 1
27017 1
27019 1
27024 3
27026 1
27028 2
27029 1
27031 2
27032 1
27035 11
27036 3
27037 1
27041 1
27042 1
27045 3
27051 1
27052 2
27054 1
27056 1
27063 2
27066 1
27067 1
27069 1
27070 2
27071 2
27072 3
27078 1
27079 2
27082 11
27086 2
27089 3
27090 1
27093 1
27096 1
27099 1
27101 1
27103 1
27104 1
27111 1
27112 1
27113 11
27114 1
27120 1
27122 2
27129 1
27130 2
27132 1
27134 1
27135 2
27136 1
27141 2
27142 1
27144 1
27145 1
27146 1
27148 1
27150 2
27153 2
27154 2
27155 1
27158 2
27160 1
27161 1
27162 1
27163 11
27164 11
27165 11
27166 1
27168 1
27172 1
27176 1
27180 3
27183 2
27185 2
27187 1
27188 1
27190 1
27191 1
27194 11
27199 1
27202 1
27203 1
27205 3
27208 1
27209 1
27210 1
27212 2
27213 1
27217 3
27223 11
27224 1
27226 1
27233 11
27236 1
27237 1
27240 2
27242 1
27245 2
27250 11
27252 1
27253 11
27256 2
27259 3
27264 1
27269 11
27274 3
27280 1
27282 1
27283 1
27285 1
27286 2
27287 2
27289 2
27293 1
27300 1
27303 3
27306 1
27311 1
27313 1
27315 11
27316 2
27318 1
27320 1
27321 2
27322 1
27324 1
27326 1
27337 3
27338 3
27339 11
27341 1
27342 11
27344 2
27345 1
27347 1
27353 2
27356 3
27359 1
27360 1
27361 1
27363 1
27365 11
27366 2
27368 1
27369 3
27373 3
27374 1
27379 1
27381 2
27382 1
27383 2
27391 1
27392 1
27394 2
27397 2
27398 1
27399 1
27405 3
27408 1
27409 1
27411 11
27412 3
27414 1
27416 1
27417 2
27418 2
27420 2
27421 3
27423 1
27424 1
27425 1
27427 1
27430 1
27432 1
27435 1
27437 2
27442 1
27444 1
27445 1
27447 1
27448 1
27450 1
27457 1
27459 1
27464 1
27467 1
27474 3
27476 1
27478 3
27479 2
27484 2
27489 1
27493 11
27494 2
27496 1
27499 1
27501 1
27502 1
27504 2
27506 1
27507 11
27511 1
27514 1
27516 1
27517 1
27520 2
27521 2
27523 1
27525 2
27528 3
27533 2
27536 2
27541 1
27542 1
27543 1
27545 1
27550 1
27551 1
27552 3
27555 2
27557 11
27559 1
27561 1
27562 1
27565 1
27568 2
27570 2
27574 1
27578 1
27581 2
27584 1
27585 1
27590 1
27597 1
27598 1
27600 1
27601 1
27602 1
27606 1
27607 1
27608 1
27609 1
27610 1
27611 1
27615 1
27616 3
27617 3
27628 11
27631 1
27632 1
27633 2
27637 1
27642 1
27643 1
27647 1
27650 1
27651 1
27652 1
27653 1
27658 1
27660 1
27661 1
27662 1
27666 1
27672 1
27673 11
27674 1
27683 1
27686 3
27687 3
27694 1
27698 3
27701 1
27708 2
27709 11
27715 2
27716 1
27717 2
27718 2
27727 1
27729 2
27730 1
27738 11
27745 1
27746 3
27748 2
27749 2
27750 3
27751 1
27755 1
27762 1
27763 1
27764 1
27766 1
27769 2
27770 1
27771 3
27774 1
27775 1
27776 1
27779 2
27783 1
27784 1
27786 11
27788 1
27793 1
27796 1
27797 11
27798 1
27805 2
27806 1
27809 11
27811 1
27814 1
27817 2
27819 11
27822 1
27823 1
27824 1
27825 1
27829 1
27834 2
27838 1
27839 3
27841 3
27843 1
27844 1
27845 1
27852 1
27856 1
27857 2
27859 2
27863 1
27865 1
27866 1
27871 1
27872 1
27876 3
27878 1
27880 11
27883 1
27887 3
27888 1
27890 2
27892 3
27893 1
27899 2
27900 2
27904 1
27906 1
27907 1
27914 2
27915 2
27917 1
27922 1
27924 3
27927 3
27929 1
27931 1
27936 1
27939 2
27940 2
27942 1
27949 1
27950 1
27954 1
27955 2
27957 1
27962 11
27964 2
27965 1
27966 1
27968 2
27976 2
27977 1
27983 2
27988 2
27990 1
27992 1
27993 11
27995 1
27996 1
27997 1
27999 1
28000 1
28001 1
28007 2
28010 3
28012 1
28015 1
28016 1
28018 1
28019 2
28023 2
28026 1
28027 1
28029 1
28031 1
28032 2
28035 11
28039 11
28041 1
28044 1
28047 1
28051 1
28052 1
28053 1
28054 1
28056 1
28057 1
28058 1
28066 1
28070 1
28073 2
28074 11
28075 2
28078 3
28080 1
28084 2
28085 1
28093 1
28095 2
28097 2
28099 1
28100 11
28105 1
28108 2
28113 1
28115 1
28118 3
28120 11
28123 1
28126 2
28128 1
28131 1
28136 1
28137 1
28141 2
28145 2
28146 2
28147 2
28148 11
28149 2
28153 1
28157 1
28158 1
28161 2
28162 1
28163 3
28164 1
28165 1
28166 1
28167 11
28170 1
28172 2
28174 1
28175 1
28179 1
28187 1
28188 1
28189 1
28190 1
28191 1
28192 2
28194 3
28195 1
28197 1
28198 2
28202 2
28203 1
28206 2
28207 1
28209 1
28210 1
28213 2
28224 1
28226 11
28227 1
28229 1
28232 11
28233 1
28234 3
28235 1
28245 2
28254 1
28256 1
28257 11
28259 1
28260 2
28264 1
28266 1
28267 1
28268 2
28270 3
28272 2
28278 1
28281 1
28287 1
28288 1
28296 1
28300 1
28301 1
28302 1
28303 11
28307 1
28309 2
28313 2
28315 1
28316 2
28317 1
28320 3
28326 1
28327 2
28328 1
28333 2
28334 2
28335 2
28336 1
28339 2
28340 11
28341 1
28342 2
28344 1
28347 1
28353 1
28355 3
28356 2
28359 11
28360 3
28362 1
28363 2
28366 1
28367 2
28368 1
28373 2
28374 1
28376 1
28380 11
28381 2
28387 1
28388 1
28390 1
28391 1
28392 1
28395 1
28396 1
28400 1
28402 1
28404 1
28406 1
28407 1
28409 1
28411 11
28412 1
28415 1
28416 1
28417 1
28422 1
28423 1
28425 2
28426 1
28427 11
28428 2
28430 1
28432 11
28433 1
28437 2
28439 1
28440 11
28442 2
28450 1
28453 1
28454 1
28455 1
28456 2
28461 1
28463 2
28470 1
28471 1
28472 1
28473 1
28476 2
28477 3
28478 2
28479 1
28480 1
28482 11
28484 1
28486 1
28487 1
28491 1
28492 1
28499 1
28500 1
28501 1
28503 1
28504 1
28513 11
28515 2
28516 1
28517 2
28518 3
28519 1
28520 3
28521 2
28524 11
28525 3
28529 2
28532 2
28536 1
28538 1
28543 1
28544 1
28545 2
28548 3
28549 1
28551 1
28552 2
28557 11
28558 1
28560 1
28562 1
28563 1
28565 1
28575 1
28579 1
28581 2
28585 2
28587 2
28590 3
28593 1
28595 1
28596 1
28601 1
28602 1
28604 1
28619 1
28620 11
28628 3
28629 11
28630 2
28631 3
28632 1
28635 1
28636 1
28640 2
28641 1
28643 1
28645 2
28646 3
28648 1
28653 1
28659 1
28660 1
28662 1
28663 3
28666 1
28675 1
28676 2
28680 2
28681 1
28682 2
28683 1
28684 2
28686 1
28691 2
28693 1
28694 1
28702 1
28704 1
28706 1
28707 11
28710 1
28713 1
28719 3
28721 1
28722 11
28724 3
28725 1
28726 2
28729 2
28730 1
28731 1
28732 1
28733 1
28734 1
28740 1
28741 1
28753 1
28754 1
28757 1
28759 1
28762 1
28764 1
28769 11
28770 2
28772 2
28775 1
28776 2
28779 1
28782 1
28783 1
28786 2
28788 2
28789 1
28794 1
28797 11
28798 3
